-1.0 -0.7437103057998204
-0.998 -0.7263405117096673
-0.996 -0.7100613383936578
-0.994 -0.6948341028879513
-0.992 -0.6806210159764025
-0.99 -0.6673851680823085
-0.988 -0.6550905153131665
-0.986 -0.6437018656573521
-0.984 -0.6331848653316055
-0.982 -0.6235059852782365
-0.98 -0.6146325078109496
-0.978 -0.606532513408211
-0.976 -0.599174867653063
-0.974 -0.5925292083183255
-0.972 -0.5865659325960908
-0.97 -0.5812561844704673
-0.968 -0.5765718422324859
-0.966 -0.5724855061361336
-0.964 -0.5689704861944371
-0.962 -0.5660007901145749
-0.96 -0.5635511113709422
-0.958 -0.5615968174151642
-0.956 -0.5601139380219904
-0.954 -0.5590791537700655
-0.952 -0.5584697846565352
-0.95 -0.5582637788444789
-0.948 -0.5584397015421404
-0.946 -0.5589767240129602
-0.944 -0.55985461271539
-0.942 -0.5610537185714979
-0.94 -0.5625549663633576
-0.938 -0.5643398442562392
-0.9359999999999999 -0.5663903934476067
-0.9339999999999999 -0.5686891979409403
-0.9319999999999999 -0.5712193744434074
-0.9299999999999999 -0.5739645623864055
-0.9279999999999999 -0.57690891406801
-0.926 -0.5800370849163594
-0.924 -0.5833342238730207
-0.922 -0.5867859638953754
-0.92 -0.5903784125770787
-0.918 -0.5940981428856443
-0.916 -0.59793218401621
-0.914 -0.6018680123605504
-0.912 -0.6058935425904006
-0.91 -0.609997118854164
-0.908 -0.6141675060860795
-0.906 -0.6183938814269272
-0.904 -0.6226658257553617
-0.902 -0.6269733153289552
-0.9 -0.6313067135340517
-0.898 -0.6356567627435241
-0.896 -0.6400145762815412
-0.894 -0.6443716304944503
-0.892 -0.6487197569268842
-0.89 -0.6530511346022115
-0.888 -0.6573582824064524
-0.886 -0.6616340515747761
-0.884 -0.6658716182797189
-0.882 -0.6700644763202497
-0.88 -0.6742064299108201
-0.878 -0.6782915865695498
-0.876 -0.6823143501046782
-0.874 -0.6862694136984506
-0.872 -0.6901517530875759
-0.87 -0.6939566198394342
-0.868 -0.6976795347231766
-0.866 -0.7013162811749057
-0.864 -0.7048628988560921
-0.862 -0.7083156773044144
-0.86 -0.7116711496761954
-0.858 -0.714926086579627
-0.856 -0.7180774899979636
-0.854 -0.7211225873018867
-0.852 -0.7240588253502304
-0.85 -0.7268838646782745
-0.848 -0.729595573772806
-0.846 -0.7321920234331672
-0.844 -0.7346714812174926
-0.842 -0.7370324059733669
-0.84 -0.7392734424521119
-0.838 -0.7413934160059418
-0.836 -0.743391327367209
-0.834 -0.7452663475089789
-0.832 -0.7470178125861713
-0.83 -0.7486452189565149
-0.828 -0.7501482182805529
-0.826 -0.751526612699965
-0.8240000000000001 -0.7527803500934462
-0.8220000000000001 -0.7539095194094113
-0.8200000000000001 -0.7549143460747898
-0.8180000000000001 -0.7557951874791636
-0.8160000000000001 -0.7565525285335453
-0.8140000000000001 -0.7571869773030406
-0.812 -0.7576992607127061
-0.81 -0.758090220325857
-0.808 -0.7583608081941374
-0.806 -0.7585120827786233
-0.804 -0.7585452049412706
-0.802 -0.7584614340059952
-0.8 -0.7582621238886978
-0.798 -0.7579487192955294
-0.796 -0.7575227519887263
-0.794 -0.7569858371193054
-0.792 -0.7563396696259661
-0.79 -0.755586020699494
-0.788 -0.7547267343120219
-0.786 -0.7537637238104482
-0.784 -0.7526989685733777
-0.782 -0.7515345107308945
-0.78 -0.750272451946537
-0.778 -0.7489149502607926
-0.776 -0.7474642169954907
-0.774 -0.7459225137184202
-0.772 -0.7442921492675554
-0.77 -0.7425754768342265
-0.768 -0.7407748911046215
-0.766 -0.7388928254589707
-0.764 -0.7369317492278035
-0.762 -0.7348941650046346
-0.76 -0.7327826060144805
-0.758 -0.7305996335375712
-0.756 -0.7283478343876602
-0.754 -0.7260298184443111
-0.752 -0.7236482162385686
-0.75 -0.7212056765914002
-0.748 -0.7187048643043229
-0.746 -0.7161484579016085
-0.744 -0.7135391474234914
-0.742 -0.7108796322697788
-0.74 -0.7081726190932917
-0.738 -0.7054208197425468
-0.736 -0.7026269492531171
-0.734 -0.6997937238870823
-0.732 -0.6969238592200186
-0.73 -0.6940200682749471
-0.728 -0.691085059702693
-0.726 -0.6881215360080851
-0.724 -0.6851321918214578
-0.722 -0.6821197122148849
-0.72 -0.679086771062618
-0.718 -0.6760360294451707
-0.716 -0.6729701340965227
-0.714 -0.6698917158938908
-0.712 -0.6668033883895533
-0.71 -0.6637077463841788
-0.708 -0.6606073645411534
-0.706 -0.6575047960413637
-0.704 -0.6544025712779364
-0.702 -0.6513031965904018
-0.7 -0.6482091530377846
-0.698 -0.6451228952100981
-0.696 -0.6420468500777542
-0.694 -0.6389834158783668
-0.692 -0.6359349610404744
-0.69 -0.6329038231436622
-0.688 -0.6298923079146153
-0.6859999999999999 -0.6269026882585937
-0.6839999999999999 -0.6239372033258668
-0.6819999999999999 -0.6209980576126014
-0.6799999999999999 -0.6180874200957497
-0.6779999999999999 -0.615207423401441
-0.6759999999999999 -0.6123601630064262
-0.6739999999999999 -0.6095476964720852
-0.6719999999999999 -0.6067720427105572
-0.6699999999999999 -0.604035181282506
-0.6679999999999999 -0.6013390517260888
-0.6659999999999999 -0.5986855529166504
-0.6639999999999999 -0.5960765424567094
-0.6619999999999999 -0.5935138360957743
-0.6599999999999999 -0.590999207179558
-0.6579999999999999 -0.5885343861281327
-0.6559999999999999 -0.5861210599426059
-0.6539999999999999 -0.5837608717398631
-0.6519999999999999 -0.5814554203149613
-0.6499999999999999 -0.5792062597307323
-0.648 -0.5770148989341799
-0.646 -0.5748828013992389
-0.644 -0.5728113847954869
-0.642 -0.5708020206823833
-0.64 -0.5688560342286301
-0.638 -0.5669747039562383
-0.636 -0.5651592615089008
-0.634 -0.5634108914442572
-0.632 -0.561730731049665
-0.63 -0.5601198701810629
-0.628 -0.5585793511245496
-0.626 -0.5571101684802678
-0.624 -0.5557132690682276
-0.622 -0.55438955185566
-0.62 -0.5531398679055402
-0.618 -0.5519650203458872
-0.616 -0.5508657643594721
-0.614 -0.5498428071935556
-0.612 -0.5488968081892942
-0.61 -0.5480283788304358
-0.608 -0.5472380828109528
-0.606 -0.5465264361212455
-0.604 -0.5458939071525578
-0.602 -0.5453409168192535
-0.6 -0.544867838698598
-0.598 -0.5444749991876997
-0.596 -0.5441626776772627
-0.594 -0.5439311067418064
-0.592 -0.5437804723460171
-0.59 -0.5437109140668878
-0.588 -0.5437225253313174
-0.586 -0.5438153536688333
-0.584 -0.5439894009791133
-0.5820000000000001 -0.5442446238139755
-0.5800000000000001 -0.5445809336735177
-0.5780000000000001 -0.5449981973160872
-0.5760000000000001 -0.5454962370817574
-0.5740000000000001 -0.5460748312290045
-0.5720000000000001 -0.5467337142842651
-0.5700000000000001 -0.5474725774040777
-0.5680000000000001 -0.5482910687494825
-0.5660000000000001 -0.5491887938724017
-0.5640000000000001 -0.5501653161136741
-0.562 -0.5512201570124706
-0.56 -0.5523527967267717
-0.558 -0.5535626744646386
-0.556 -0.5548491889259674
-0.554 -0.5562116987544586
-0.552 -0.5576495229994982
-0.55 -0.5591619415876917
-0.548 -0.5607481958037475
-0.546 -0.5624074887804607
-0.544 -0.5641389859974966
-0.542 -0.5659418157887302
-0.54 -0.5678150698578495
-0.538 -0.5697578038019767
-0.536 -0.5717690376430338
-0.534 -0.5738477563665954
-0.532 -0.5759929104679709
-0.53 -0.5782034165052684
-0.528 -0.5804781576591722
-0.526 -0.5828159842992036
-0.524 -0.5852157145562018
-0.522 -0.5876761349007954
-0.52 -0.590196000727605
-0.518 -0.5927740369449574
-0.516 -0.5954089385698581
-0.514 -0.5980993713279997
-0.512 -0.6008439722585651
-0.51 -0.6036413503236053
-0.508 -0.6064900870217569
-0.506 -0.6093887370060846
-0.504 -0.612335828705815
-0.502 -0.6153298649517543
-0.5 -0.6183693236051645
-0.498 -0.6214526581898929
-0.496 -0.6245782985275288
-0.494 -0.6277446513753965
-0.492 -0.6309501010671602
-0.49 -0.6341930101558494
-0.488 -0.6374717200590928
-0.486 -0.6407845517063707
-0.484 -0.6441298061880762
-0.482 -0.6475057654062055
-0.48 -0.6509106927264686
-0.478 -0.6543428336316446
-0.476 -0.6578004163759807
-0.474 -0.6612816526404622
-0.472 -0.6647847381887566
-0.47 -0.668307853523664
-0.46799999999999997 -0.6718491645438852
-0.46599999999999997 -0.6754068232009365
-0.46399999999999997 -0.6789789681560336
-0.46199999999999997 -0.6825637254367778
-0.45999999999999996 -0.6861592090934686
-0.45799999999999996 -0.6897635218548809
-0.45599999999999996 -0.6933747557833371
-0.45399999999999996 -0.6969909929289165
-0.45199999999999996 -0.700610305982635
-0.44999999999999996 -0.7042307589284449
-0.44799999999999995 -0.7078504076938882
-0.44599999999999995 -0.71146730079926
-0.44399999999999995 -0.7150794800051206
-0.44199999999999995 -0.7186849809580194
-0.43999999999999995 -0.7222818338342629
-0.43799999999999994 -0.7258680639816062
-0.43599999999999994 -0.7294416925587018
-0.43399999999999994 -0.7330007371721855
-0.43199999999999994 -0.7365432125112379
-0.42999999999999994 -0.7400671309795103
-0.42799999999999994 -0.7435705033242539
-0.42599999999999993 -0.747051339262545
-0.42399999999999993 -0.7505076481044517
-0.42200000000000004 -0.7539374393730365
-0.42000000000000004 -0.7573387234210468
-0.41800000000000004 -0.7607095120441896
-0.41600000000000004 -0.7640478190908477
-0.41400000000000003 -0.7673516610681377
-0.41200000000000003 -0.7706190577441715
-0.41000000000000003 -0.7738480327464242
-0.40800000000000003 -0.7770366141560774
-0.406 -0.7801828350982374
-0.404 -0.7832847343279111
-0.402 -0.7863403568116397
-0.4 -0.7893477543046691
-0.398 -0.7923049859235726
-0.396 -0.7952101187142029
-0.394 -0.7980612282148922
-0.392 -0.8008563990147841
-0.39 -0.8035937253072155
-0.388 -0.806271311438045
-0.386 -0.8088872724488371
-0.384 -0.811439734614813
-0.382 -0.8139268359774777
-0.38 -0.8163467268718348
-0.378 -0.8186975704481071
-0.376 -0.820977543187875
-0.374 -0.823184835414558
-0.372 -0.8253176517981488
-0.37 -0.827374211854136
-0.368 -0.8293527504365236
-0.366 -0.8312515182248889
-0.364 -0.8330687822053909
-0.362 -0.8348028261456715
-0.36 -0.8364519510635711
-0.358 -0.8380144756895966
-0.356 -0.8394887369230735
-0.354 -0.8408730902819216
-0.352 -0.8421659103459862
-0.35 -0.8433655911938717
-0.348 -0.8444705468332139
-0.346 -0.8454792116243365
-0.344 -0.8463900406972333
-0.34199999999999997 -0.8472015103618294
-0.33999999999999997 -0.8479121185114592
-0.33799999999999997 -0.8485203850195224
-0.33599999999999997 -0.84902485212926
-0.33399999999999996 -0.8494240848366079
-0.33199999999999996 -0.8497166712660817
-0.32999999999999996 -0.8499012230396522
-0.32799999999999996 -0.8499763756385601
-0.32599999999999996 -0.8499407887580416
-0.32399999999999995 -0.8497931466549186
-0.32199999999999995 -0.8495321584880168
-0.31999999999999995 -0.8491565586513744
-0.31799999999999995 -0.8486651071002167
-0.31599999999999995 -0.8480565896696495
-0.31399999999999995 -0.8473298183860508
-0.31199999999999994 -0.8464836317711273
-0.30999999999999994 -0.84551689513861
-0.30799999999999994 -0.8444285008835561
-0.30599999999999994 -0.8432173687642421
-0.30399999999999994 -0.8418824461766133
-0.30199999999999994 -0.8404227084212791
-0.29999999999999993 -0.8388371589630226
-0.29799999999999993 -0.8371248296828123
-0.29600000000000004 -0.8352847811222986
-0.29400000000000004 -0.8333161027207713
-0.29200000000000004 -0.8312179130445734
-0.29000000000000004 -0.8289893600089501
-0.28800000000000003 -0.826629621092324
-0.28600000000000003 -0.8241379035429853
-0.28400000000000003 -0.8215134445781902
-0.28200000000000003 -0.818755511575654
-0.28 -0.8158634022574385
-0.278 -0.8128364448662238
-0.276 -0.8096739983339664
-0.274 -0.8063754524429333
-0.272 -0.8029402279791193
-0.27 -0.7993677768780394
-0.268 -0.7956575823629081
-0.266 -0.7918091590751958
-0.264 -0.7878220531975805
-0.262 -0.7836958425692854
-0.26 -0.7794301367938233
-0.258 -0.7750245773391438
-0.256 -0.770478837630202
-0.254 -0.7657926231339508
-0.252 -0.7609656714367774
-0.25 -0.755997752314386
-0.248 -0.7508886677941539
-0.246 -0.7456382522099614
-0.244 -0.7402463722495287
-0.242 -0.7347129269942597
-0.24 -0.7290378479516276
-0.238 -0.7232210990801115
-0.236 -0.7172626768067093
-0.23399999999999999 -0.7111626100370507
-0.23199999999999998 -0.7049209601581296
-0.22999999999999998 -0.6985378210336823
-0.22799999999999998 -0.6920133189922434
-0.22599999999999998 -0.6853476128078897
-0.22399999999999998 -0.6785408936737232
-0.22199999999999998 -0.6715933851680984
-0.21999999999999997 -0.6645053432136433
-0.21799999999999997 -0.6572770560290918
-0.21599999999999997 -0.6499088440739698
-0.21399999999999997 -0.642401059986157
-0.21199999999999997 -0.6347540885123718
-0.20999999999999996 -0.6269683464316025
-0.20799999999999996 -0.6190442824715294
-0.20599999999999996 -0.6109823772179693
-0.20399999999999996 -0.6027831430173868
-0.20199999999999996 -0.594447123872505
-0.19999999999999996 -0.5859748953310596
-0.19799999999999995 -0.5773670643677388
-0.19599999999999995 -0.5686242692593477
-0.19399999999999995 -0.5597471794532412
-0.19199999999999995 -0.5507364954290732
-0.18999999999999995 -0.5415929485539003
-0.18799999999999994 -0.5323173009306917
-0.18599999999999994 -0.5229103452402895
-0.18399999999999994 -0.513372904576868
-0.18199999999999994 -0.5037058322769375
-0.17999999999999994 -0.4939100117419496
-0.17799999999999994 -0.4839863562545424
-0.17599999999999993 -0.47393580878849023
-0.17399999999999993 -0.4637593418123979
-0.17199999999999993 -0.45345795708720216
-0.16999999999999993 -0.4430326854575251
-0.16799999999999993 -0.43248458663694234
-0.16600000000000004 -0.4218147489872145
-0.16400000000000003 -0.41102428929154017
-0.16200000000000003 -0.4001143525218927
-0.16000000000000003 -0.38908611160048795
-0.15800000000000003 -0.3779407671554499
-0.15600000000000003 -0.3666795472707299
-0.15400000000000003 -0.35530370723033894
-0.15200000000000002 -0.3438145292569579
-0.15000000000000002 -0.3322133222449781
-0.14800000000000002 -0.3205014214880463
-0.14600000000000002 -0.30868018840116546
-0.14400000000000002 -0.2967510102374233
-0.14200000000000002 -0.2847152997994072
-0.14 -0.2725744951453732
-0.138 -0.26033005929023434
-0.136 -0.24798347990143368
-0.134 -0.23553626898976862
-0.132 -0.22298996259523501
-0.13 -0.21034612046795875
-0.128 -0.19760632574428352
-0.126 -0.184772184618083
-0.124 -0.17184532600736946
-0.122 -0.15882740121626693
-0.12 -0.14572008359242292
-0.118 -0.13252506817992607
-0.11599999999999999 -0.1192440713678072
-0.11399999999999999 -0.1058788305341911
-0.11199999999999999 -0.0924311036861772
-0.10999999999999999 -0.07890266909551866
-0.10799999999999998 -0.06529532493017828
-0.10599999999999998 -0.051610888881831934
-0.10399999999999998 -0.03785119778939884
-0.10199999999999998 -0.02401810725867055
-0.09999999999999998 -0.010113491278119125
-0.09799999999999998 0.0038607581690427474
-0.09599999999999997 0.017902731496469718
-0.09399999999999997 0.03201050190988299
-0.09199999999999997 0.04618212580578356
-0.08999999999999997 0.06041564317359885
-0.08799999999999997 0.07470907800118626
-0.08599999999999997 0.08906043868361226
-0.08399999999999996 0.10346771843512916
-0.08199999999999996 0.11792889570426664
-0.07999999999999996 0.1324419345919604
-0.07799999999999996 0.14700478527263638
-0.07599999999999996 0.16161538441816595
-0.07399999999999995 0.1762716556246171
-0.07199999999999995 0.1909715098417134
-0.06999999999999995 0.20571284580491978
-0.06799999999999995 0.22049355047007735
-0.06599999999999995 0.23531149945049637
-0.06399999999999995 0.25016455745643207
-0.061999999999999944 0.26505057873685256
-0.05999999999999994 0.2799674075234231
-0.05799999999999994 0.29491287847661296
-0.05599999999999994 0.309884817133849
-0.05399999999999994 0.3248810403596295
-0.051999999999999935 0.33989935679750816
-0.04999999999999993 0.35493756732387055
-0.04799999999999993 0.3699934655034125
-0.04599999999999993 0.38506483804623703
-0.04399999999999993 0.40014946526648765
-0.041999999999999926 0.4152451215424204
-0.040000000000000036 0.4303495757778461
-0.038000000000000034 0.4454605918648436
-0.03600000000000003 0.46057592914765394
-0.03400000000000003 0.4756933428876903
-0.03200000000000003 0.4908105847295515
-0.030000000000000027 0.5059254031679702
-0.028000000000000025 0.521035544015598
-0.026000000000000023 0.5361387508715482
-0.02400000000000002 0.5512327655906042
-0.02200000000000002 0.5663153287530086
-0.020000000000000018 0.5813841801347448
-0.018000000000000016 0.5964370591782224
-0.016000000000000014 0.6114717054632832
-0.014000000000000012 0.6264858591784356
-0.01200000000000001 0.6414772615922325
-0.010000000000000009 0.6564436555247041
-0.008000000000000007 0.6713827858187579
-0.006000000000000005 0.6862923998114622
-0.0040000000000000036 0.7011702478051162
-0.0020000000000000018 0.7160140835380291
0.0 0.7308216646549179
0.0020000000000000018 0.7455907531768292
0.0040000000000000036 0.7603191159705084
0.006000000000000005 0.7750045252171225
0.008000000000000007 0.7896447588802493
0.010000000000000009 0.8042376011730464
0.01200000000000001 0.8187808430245137
0.014000000000000012 0.8332722825447636
0.016000000000000014 0.8477097254892048
0.018000000000000016 0.8620909857215607
0.020000000000000018 0.8764138856756345
0.02200000000000002 0.8906762568157269
0.02400000000000002 0.9048759400956309
0.026000000000000023 0.9190107864161055
0.028000000000000025 0.9330786570807542
0.030000000000000027 0.9470774242502106
0.03200000000000003 0.9610049713945561
0.03400000000000003 0.9748591937438698
0.03600000000000003 0.9886379987368447
0.038000000000000034 1.0023393064673627
0.040000000000000036 1.0159610501289644
0.04200000000000004 1.029501176457109
0.04400000000000004 1.0429576461691565
0.04600000000000004 1.0563284344019783
0.04800000000000004 1.0696115311471113
0.050000000000000044 1.0828049416833792
0.052000000000000046 1.0959066870068903
0.05400000000000005 1.1089148042583286
0.05600000000000005 1.1218273471474618
0.05800000000000005 1.1346423863747763
0.06000000000000005 1.147358010050161
0.062000000000000055 1.1599723241085493
0.06400000000000006 1.172483452722458
0.06600000000000006 1.1848895387113128
0.06800000000000006 1.19718874394751
0.07000000000000006 1.2093792497590998
0.07200000000000006 1.2214592573290464
0.07400000000000007 1.2334269880909592
0.07600000000000007 1.2452806841212256
0.07800000000000007 1.257018608527465
0.08000000000000007 1.2686390458332226
0.08200000000000007 1.2801403023588322
0.08400000000000007 1.2915207065983618
0.08600000000000008 1.302778609592563
0.08800000000000008 1.3139123852977657
0.09000000000000008 1.3249204309506095
0.09200000000000008 1.3358011674285692
0.09400000000000008 1.3465530396061751
0.09600000000000009 1.357174516706865
0.09800000000000009 1.3676640926503878
0.10000000000000009 1.3780202863956887
0.10200000000000009 1.3882416422791986
0.10400000000000009 1.39832673034846
0.1060000000000001 1.4082741466910027
0.1080000000000001 1.4180825137584285
0.1100000000000001 1.4277504806855887
0.1120000000000001 1.4372767236048272
0.1140000000000001 1.4466599459551874
0.1160000000000001 1.4558988787865395
0.1180000000000001 1.464992281058522
0.1200000000000001 1.4739389399342857
0.12200000000000011 1.482737671068904
0.12400000000000011 1.4913873188924434
0.1260000000000001 1.49988675688759
0.1280000000000001 1.5082348878617795
0.13000000000000012 1.5164306442137658
0.13200000000000012 1.5244729881945616
0.13400000000000012 1.5323609121626827
0.13600000000000012 1.5400934388336465
0.13800000000000012 1.5476696215236427
0.14000000000000012 1.5550885443873361
0.14200000000000013 1.5623493226497198
0.14400000000000013 1.5694511028319753
0.14600000000000013 1.5763930629712632
0.14800000000000013 1.5831744128344114
0.15000000000000013 1.5897943941254102
0.15200000000000014 1.5962522806866817
0.15399999999999991 1.6025473786940594
0.15599999999999992 1.6086790268454196
0.15799999999999992 1.6146465965429135
0.15999999999999992 1.620449492068736
0.16199999999999992 1.626087150754404
0.16399999999999992 1.6315590431434577
0.16599999999999993 1.6368646731475551
0.16799999999999993 1.6420035781959048
0.16999999999999993 1.6469753293779874
0.17199999999999993 1.651779531579508
0.17399999999999993 1.6564158236115498
0.17599999999999993 1.6608838783328563
0.17799999999999994 1.665183402765226
0.17999999999999994 1.6693141382019425
0.18199999999999994 1.6732758603092248
0.18399999999999994 1.6770683792206298
0.18599999999999994 1.6806915396243833
0.18799999999999994 1.6841452208435812
0.18999999999999995 1.68742933690924
0.19199999999999995 1.6905438366261316
0.19399999999999995 1.6934887036313924
0.19599999999999995 1.6962639564458393
0.19799999999999995 1.6988696485179806
0.19999999999999996 1.7013058682606736
0.20199999999999996 1.7035727390803956
0.20399999999999996 1.7056704193990901
0.20599999999999996 1.7075991026685757
0.20799999999999996 1.7093590173774518
0.20999999999999996 1.7109504270505067
0.21199999999999997 1.7123736302405723
0.21399999999999997 1.7136289605128048
0.21599999999999997 1.7147167864213764
0.21799999999999997 1.7156375114785296
0.21999999999999997 1.7163915741159854
0.22199999999999998 1.7169794476386782
0.22399999999999998 1.717401640170784
0.22599999999999998 1.717658694594044
0.22799999999999998 1.7177511884783296
0.22999999999999998 1.7176797340044625
0.23199999999999998 1.7174449778792458
0.23399999999999999 1.7170476012427085
0.236 1.7164883195675296
0.238 1.715767882550647
0.24 1.7148870739970135
0.242 1.7138467116955165
0.244 1.7126476472870176
0.246 1.711290766124536
0.248 1.709776987125536
0.25 1.708107262616338
0.252 1.7062825781686264
0.254 1.704303952428059
0.256 1.7021724369349778
0.258 1.6998891159372096
0.26 1.6974551061949605
0.262 1.6948715567778123
0.264 1.6921396488537983
0.266 1.6892605954705981
0.268 1.686235641328819
0.27 1.683066062547399
0.272 1.6797531664211125
0.274 1.6762982911702178
0.276 1.6727028056822215
0.278 1.668968109245805
0.28 1.6650956312768932
0.28200000000000003 1.661086831036913
0.28400000000000003 1.6569431973432263
0.28600000000000003 1.652666248271775
0.28800000000000003 1.6482575308519485
0.29000000000000004 1.6437186207536933
0.29200000000000004 1.6390511219668893
0.29400000000000004 1.6342566664730152
0.29600000000000004 1.6293369139091165
0.29800000000000004 1.6242935512241272
0.30000000000000004 1.6191282923275416
0.30200000000000005 1.6138428777304872
0.30400000000000005 1.6084390741792214
0.30600000000000005 1.602918674281084
0.30800000000000005 1.5972834961229334
0.31000000000000005 1.5915353828821226
0.31200000000000006 1.5856762024300128
0.31400000000000006 1.5797078469281103
0.31600000000000006 1.5736322324168217
0.31800000000000006 1.5674512983969067
0.32000000000000006 1.561167007403638
0.32200000000000006 1.5547813445737397
0.32400000000000007 1.5482963172051345
0.32600000000000007 1.541713954309553
0.32800000000000007 1.5350363061580528
0.33000000000000007 1.5282654438195034
0.3320000000000001 1.521403458692074
0.3340000000000001 1.5144524620278093
0.3360000000000001 1.5074145844503106
0.3380000000000001 1.5002919754656123
0.3400000000000001 1.4930868029662938
0.3420000000000001 1.4858012527288995
0.3440000000000001 1.4784375279047195
0.3460000000000001 1.4709978485040065
0.3480000000000001 1.4634844508736882
0.3500000000000001 1.4558995871686387
0.3520000000000001 1.448245524816598
0.3540000000000001 1.4405245459767864
0.3560000000000001 1.4327389469923055
0.3580000000000001 1.4248910378363906
0.3600000000000001 1.416983141552601
0.3620000000000001 1.4090175936890168
0.3640000000000001 1.4009967417265283
0.3660000000000001 1.3929229445013067
0.3680000000000001 1.3847985716215212
0.3700000000000001 1.3766260028784119
0.3720000000000001 1.3684076276517945
0.3740000000000001 1.36014584431008
0.3760000000000001 1.3518430596049216
0.3780000000000001 1.3435016880605586
0.3800000000000001 1.3351241513579715
0.3820000000000001 1.326712877713938
0.3840000000000001 1.3182703012550883
0.3860000000000001 1.3097988613870617
0.3880000000000001 1.3013010021588738
0.3900000000000001 1.2927791716225907
0.3920000000000001 1.2842358211884235
0.39400000000000013 1.2756734049753489
0.39600000000000013 1.2670943791573663
0.39800000000000013 1.2585012013055146
0.40000000000000013 1.2498963297257475
0.40200000000000014 1.2412822227927964
0.40400000000000014 1.232661338280137
0.40600000000000014 1.2240361326861784
0.4079999999999999 1.2154090605568038
0.4099999999999999 1.2067825738043771
0.4119999999999999 1.1981591210233624
0.4139999999999999 1.189541146802655
0.4159999999999999 1.180931091034796
0.4179999999999999 1.1723313882221595
0.41999999999999993 1.1637444667802903
0.42199999999999993 1.1551727483384928
0.42399999999999993 1.1466186470378432
0.42599999999999993 1.1380845688267418
0.42799999999999994 1.1295729107541654
0.42999999999999994 1.1210860602607586
0.43199999999999994 1.1126263944679151
0.43399999999999994 1.104196279464999
0.43599999999999994 1.09579806959486
0.43799999999999994 1.087434106737795
0.43999999999999995 1.0791067195941209
0.44199999999999995 1.070818222965498
0.44399999999999995 1.0625709170352016
0.44599999999999995 1.0543670866474606
0.44799999999999995 1.0462090005860725
0.44999999999999996 1.0380989108524288
0.45199999999999996 1.0300390519431462
0.45399999999999996 1.0220316401274578
0.45599999999999996 1.014078872724556
0.45799999999999996 1.0061829273810474
0.45999999999999996 0.998345961348722
0.46199999999999997 0.990570110762787
0.46399999999999997 0.9828574899207856
0.46599999999999997 0.9752101905623595
0.46799999999999997 0.9676302811500566
0.47 0.9601198061513765
0.472 0.952680785322239
0.474 0.9453152129920823
0.476 0.9380250573507803
0.478 0.9308122597375847
0.48 0.9236787339322988
0.482 0.9166263654488738
0.484 0.9096570108316574
0.486 0.9027724969544869
0.488 0.8959746203228496
0.49 0.8892651463793209
0.492 0.8826458088125043
0.494 0.8761183088696832
0.496 0.8696843146734212
0.498 0.8633454605423222
0.5 0.8571033463161881
0.502 0.8509595366858005
0.504 0.8449155605275586
0.506 0.8389729102432092
0.508 0.8331330411049124
0.51 0.8273973706058675
0.512 0.821767277816766
0.514 0.8162441027482921
0.516 0.8108291457199396
0.518 0.805523666735382
0.52 0.8003288848646566
0.522 0.7952459776334131
0.524 0.7902760804194952
0.526 0.7854202858570983
0.528 0.7806796432487911
0.53 0.7760551579856426
0.532 0.7715477909757456
0.534 0.767158458081391
0.536 0.7628880295651794
0.538 0.7587373295453397
0.54 0.7547071354605415
0.542 0.7507981775444714
0.544 0.7470111383104785
0.546 0.7433466520465529
0.548 0.7398053043209515
0.55 0.7363876314987422
0.552 0.7330941202695836
0.554 0.7299252071870229
0.556 0.7268812782196215
0.558 0.723962668314214
0.56 0.7211696609716013
0.562 0.7185024878349952
0.5640000000000001 0.7159613282915206
0.5660000000000001 0.7135463090870988
0.5680000000000001 0.7112575039550222
0.5700000000000001 0.7090949332585478
0.5720000000000001 0.7070585636478327
0.5740000000000001 0.7051483077315343
0.5760000000000001 0.7033640237634127
0.5780000000000001 0.7017055153442597
0.5800000000000001 0.7001725311395013
0.5820000000000001 0.6987647646127977
0.5840000000000001 0.697481853775995
0.5860000000000001 0.6963233809557701
0.5880000000000001 0.6952888725773091
0.5900000000000001 0.6943777989653792
0.5920000000000001 0.6935895741631449
0.5940000000000001 0.6929235557690769
0.5960000000000001 0.6923790447923254
0.5980000000000001 0.6919552855269111
0.6000000000000001 0.6916514654451028
0.6020000000000001 0.69146671511035
0.6040000000000001 0.6914001081101366
0.6060000000000001 0.6914506610091413
0.6080000000000001 0.6916173333230673
0.6100000000000001 0.691899027513536
0.6120000000000001 0.6922945890044155
0.6140000000000001 0.6928028062199808
0.6160000000000001 0.6934224106452865
0.6180000000000001 0.6941520769091543
0.6200000000000001 0.6949904228901613
0.6220000000000001 0.6959360098460285
0.6240000000000001 0.6969873425668259
0.6260000000000001 0.6981428695523784
0.6280000000000001 0.6994009832142943
0.6300000000000001 0.700760020103024
0.6320000000000001 0.7022182611603637
0.6340000000000001 0.7037739319978191
0.6360000000000001 0.7054252032012571
0.6380000000000001 0.7071701906622565
0.6400000000000001 0.709006955936603
0.6420000000000001 0.710933506630338
0.6440000000000001 0.7129477968138159
0.6460000000000001 0.7150477274641885
0.6480000000000001 0.7172311469367668
0.6500000000000001 0.7194958514657028
0.6520000000000001 0.7218395856944354
0.6540000000000001 0.7242600432363453
0.6560000000000001 0.7267548672660874
0.6580000000000001 0.7293216511420386
0.6600000000000001 0.7319579390603321
0.6620000000000001 0.7346612267409381
0.6640000000000001 0.7374289621462576
0.6659999999999999 0.7402585462326955
0.6679999999999999 0.7431473337356925
0.6699999999999999 0.7460926339886841
0.6719999999999999 0.7490917117764744
0.6739999999999999 0.7521417882234992
0.6759999999999999 0.7552400417174716
0.6779999999999999 0.758383608868898
0.6799999999999999 0.761569585506952
0.6819999999999999 0.7647950277122134
0.6839999999999999 0.7680569528867602
0.6859999999999999 0.7713523408621287
0.688 0.7746781350456344
0.69 0.7780312436055806
0.692 0.7814085406958517
0.694 0.7848068677204239
0.696 0.7882230346382961
0.698 0.7916538213093847
0.7 0.7950959788818925
0.702 0.7985462312216938
0.704 0.8020012763842648
0.706 0.805457788129701
0.708 0.8089124174813572
0.71 0.8123617943286616
0.712 0.815802529074651
0.714 0.8192312143287738
0.716 0.8226444266455278
0.718 0.8260387283094752
0.72 0.8294106691672201
0.722 0.8327567885068904
0.724 0.8360736169857159
0.726 0.8393576786062605
0.728 0.8426054927418957
0.73 0.8458135762120916
0.732 0.8489784454081093
0.734 0.8520966184696889
0.736 0.8551646175133177
0.738 0.8581789709126768
0.74 0.8611362156318719
0.742 0.8640328996120379
0.744 0.8668655842119345
0.746 0.8696308467031442
0.748 0.872325282820476
0.75 0.8749455093682054
0.752 0.8774881668827641
0.754 0.8799499223525055
0.756 0.8823274719951799
0.758 0.8846175440937489
0.76 0.886816901891173
0.762 0.8889223465448202
0.764 0.8909307201411312
0.766 0.8928389087711983
0.768 0.8946438456679021
0.77 0.8963425144052651
0.772 0.8979319521606843
0.774 0.8994092530407027
0.776 0.9007715714709834
0.778 0.9020161256511725
0.78 0.9031402010753036
0.782 0.9041411541184448
0.784 0.9050164156902542
0.786 0.9057634949561426
0.788 0.9063799831267251
0.79 0.9068635573162633
0.792 0.9072119844707929
0.794 0.9074231253666392
0.796 0.9074949386800278
0.798 0.9074254851285048
0.8 0.907212931684871
0.802 0.9068555558643604
0.804 0.9063517500857762
0.806 0.9057000261073179
0.808 0.9048990195378236
0.81 0.9039474944241666
0.812 0.9028443479155428
0.8140000000000001 0.9015886150053923
0.8160000000000001 0.9001794733517022
0.8180000000000001 0.8986162481764403
0.8200000000000001 0.896898417244874
0.8220000000000001 0.8950256159255369
0.8240000000000001 0.8929976423316016
0.8260000000000001 0.8908144625444306
0.8280000000000001 0.8884762159200683
0.8300000000000001 0.8859832204794633
0.8320000000000001 0.883335978383185
0.8340000000000001 0.8805351814914305
0.8360000000000001 0.8775817170101009
0.8380000000000001 0.8744766732237484
0.8400000000000001 0.8712213453161772
0.8420000000000001 0.8678172412795155
0.8440000000000001 0.8642660879125442
0.8460000000000001 0.8605698369091107
0.8480000000000001 0.8567306710374236
0.8500000000000001 0.8527510104110565
0.8520000000000001 0.84863351885248
0.8540000000000001 0.8443811103499433
0.8560000000000001 0.8399969556085422
0.8580000000000001 0.8354844886963035
0.8600000000000001 0.8308474137861219
0.8620000000000001 0.826089711994403
0.8640000000000001 0.8212156483172443
0.8660000000000001 0.8162297786650193
0.8680000000000001 0.8111369569962118
0.8700000000000001 0.8059423425513652
0.8720000000000001 0.800651407188008
0.8740000000000001 0.7952699428174292
0.8760000000000001 0.7898040689441688
0.8780000000000001 0.7842602403091083
0.8800000000000001 0.7786452546370436
0.8820000000000001 0.7729662604896179
0.8840000000000001 0.7672307652245125
0.8860000000000001 0.7614466430617924
0.8880000000000001 0.7556221432583009
0.8900000000000001 0.7497658983910053
0.8920000000000001 0.7438869327502147
0.8940000000000001 0.7379946708435656
0.8960000000000001 0.7320989460117067
0.8980000000000001 0.7262100091565954
0.9000000000000001 0.7203385375833388
0.9020000000000001 0.7144956439565069
0.9040000000000001 0.7086928853718517
0.9060000000000001 0.7029422725443744
0.9080000000000001 0.6972562791136857
0.9100000000000001 0.691647851067606
0.9120000000000001 0.6861304162849595
0.9140000000000001 0.6807178941985195
0.9160000000000001 0.6754247055790683
0.9180000000000001 0.6702657824415401
0.9199999999999999 0.6652565780742147
0.9219999999999999 0.6604130771919412
0.9239999999999999 0.6557518062143723
0.9259999999999999 0.6512898436701919
0.9279999999999999 0.6470448307283324
0.9299999999999999 0.6430349818571657
0.9319999999999999 0.6392790956126786
0.9339999999999999 0.6357965655566306
0.9359999999999999 0.632607391305701
0.938 0.6297321897126438
0.94 0.6271922061804645
0.942 0.6250093261106416
0.944 0.6232060864864246
0.946 0.6218056875922314
0.948 0.6208320048701917
0.95 0.6203096009148731
0.952 0.6202637376072362
0.954 0.6207203883888659
0.956 0.6217062506775473
0.958 0.6232487584252305
0.96 0.6253760948194615
0.962 0.6281172051293414
0.964 0.631501809697096
0.966 0.635560417076329
0.968 0.640324337318047
0.97 0.6458256954055447
0.972 0.6520974448392429
0.974 0.6591733813725807
0.976 0.6670881569000658
0.978 0.6758772934985859
0.98 0.6855771976231068
0.982 0.6962251744578584
0.984 0.7078594424241509
0.986 0.7205191478459336
0.988 0.7342443797742404
0.99 0.7490761849716511
0.992 0.765056583057922
0.994 0.7822285818179217
0.996 0.8006361926730357
0.998 0.8203244463171927
