-1.0 -0.6538461538461539
-0.998 -0.5203593042723709
-0.996 -0.39379097865268897
-0.994 -0.2739307585972449
-0.992 -0.16057266928278863
-0.99 -0.0535151117732162
-0.988 0.04743920392102559
-0.986 0.14248332505019906
-0.984 0.23180612160472927
-0.982 0.31559235107234646
-0.98 0.39402272247837516
-0.978 0.4672739597146326
-0.976 0.5355188641623281
-0.974 0.5989263766143864
-0.972 0.6576616385025333
-0.97 0.7118860524345001
-0.968 0.7617573420466656
-0.966 0.8074296111774067
-0.964 0.849053402366452
-0.962 0.8867757546854442
-0.96 0.9207402609049609
-0.958 0.9510871240031514
-0.956 0.9779532130211739
-0.954 1.0014721182705704
-0.952 1.0217742058976877
-0.95 1.038986671810238
-0.948 1.0532335949710454
-0.946 1.064635990064068
-0.944 1.0733118595376518
-0.942 1.079376245030042
-0.94 1.0829412781821015
-0.938 1.084116230842201
-0.9359999999999999 1.0830075646681605
-0.9339999999999999 1.0797189801311662
-0.9319999999999999 1.0743514649265296
-0.9299999999999999 1.0670033417960934
-0.9279999999999999 1.0577703157671685
-0.926 1.0467455208127356
-0.924 1.0340195659377127
-0.922 1.0196805806960376
-0.92 1.0038142601432865
-0.918 0.9865039092294958
-0.916 0.9678304866369217
-0.914 0.9478726480673356
-0.912 0.9267067889834983
-0.91 0.9044070868094396
-0.908 0.8810455425940836
-0.906 0.8566920221428102
-0.904 0.8314142966214577
-0.902 0.8052780826373017
-0.9 0.7783470818014712
-0.898 0.7506830197772815
-0.896 0.7223456848189094
-0.894 0.6933929658048474
-0.892 0.6638808897704916
-0.89 0.6338636589442785
-0.888 0.6033936872916675
-0.886 0.5725216365713464
-0.884 0.5412964519078985
-0.882 0.5097653968852658
-0.88 0.4779740881652195
-0.878 0.44596652963509037
-0.876 0.4137851460889621
-0.874 0.38147081644650843
-0.872 0.349062906513645
-0.87 0.3165993012891301
-0.868 0.28411643682123056
-0.866 0.2516493316185541
-0.864 0.2192316176191126
-0.862 0.18689557072167753
-0.86 0.15467214088344286
-0.858 0.12259098178800008
-0.856 0.09068048008763367
-0.854 0.0589677842238619
-0.852 0.02747883283018275
-0.85 -0.003761617279053042
-0.848 -0.034729963529765456
-0.846 -0.06540373041537996
-0.844 -0.09576154272631851
-0.842 -0.12578309917793062
-0.84 -0.15544914643305446
-0.838 -0.18474145351540272
-0.836 -0.213642786610041
-0.834 -0.24213688424719002
-0.832 -0.2702084328656457
-0.83 -0.29784304275210816
-0.828 -0.3250272243527508
-0.826 -0.3517483649533619
-0.8240000000000001 -0.377994705724435
-0.8220000000000001 -0.4037553191275915
-0.8200000000000001 -0.4290200866797254
-0.8180000000000001 -0.45377967707132794
-0.8160000000000001 -0.47802552463542025
-0.8140000000000001 -0.5017498081635703
-0.812 -0.5249454300654853
-0.81 -0.5476059958686944
-0.808 -0.5697257940548515
-0.806 -0.5912997762292116
-0.804 -0.6123235376198621
-0.802 -0.6327932979032952
-0.8 -0.652705882352941
-0.798 -0.6720587033073038
-0.796 -0.6908497419543499
-0.794 -0.7090775304288282
-0.792 -0.7267411342192226
-0.79 -0.7438401348810557
-0.788 -0.7603746130532746
-0.786 -0.7763451317744909
-0.784 -0.7917527200958405
-0.782 -0.8065988569872709
-0.78 -0.820885455534073
-0.778 -0.8346148474204972
-0.776 -0.8477897676973088
-0.774 -0.8604133398301692
-0.772 -0.8724890610257352
-0.77 -0.8840207878323986
-0.768 -0.8950127220126057
-0.766 -0.9054693966837092
-0.764 -0.9153956627243361
-0.762 -0.9247966754432665
-0.76 -0.9336778815078401
-0.758 -0.9420450061289263
-0.756 -0.949904040499512
-0.754 -0.9572612294839908
-0.752 -0.9641230595552299
-0.75 -0.9704962469765507
-0.748 -0.9763877262257332
-0.746 -0.9818046386582145
-0.744 -0.9867543214066421
-0.742 -0.99124429651397
-0.74 -0.9952822602973141
-0.738 -0.9988760729397904
-0.736 -1.002033748307576
-0.734 -1.0047634439894737
-0.732 -1.0070734515562445
-0.73 -1.008972187037026
-0.728 -1.0104681816101477
-0.726 -1.0115700725056909
-0.724 -1.0122865941171424
-0.722 -1.0126265693195249
-0.72 -1.0125989009913978
-0.718 -1.0122125637381374
-0.716 -1.01147659581393
-0.714 -1.0104000912399342
-0.712 -1.0089921921160656
-0.71 -1.0072620811239015
-0.708 -1.0052189742182065
-0.706 -1.0028721135045957
-0.704 -1.0002307603008826
-0.702 -0.9973041883796616
-0.7 -0.9941016773897061
-0.698 -0.9906325064537717
-0.696 -0.9869059479404174
-0.694 -0.9829312614074678
-0.692 -0.9787176877147714
-0.69 -0.9742744433039079
-0.688 -0.9696107146425315
-0.6859999999999999 -0.9647356528310477
-0.6839999999999999 -0.9596583683693348
-0.6819999999999999 -0.9543879260812489
-0.6799999999999999 -0.9489333401946581
-0.6779999999999999 -0.9433035695747745
-0.6759999999999999 -0.9375075131085623
-0.6739999999999999 -0.9315540052380399
-0.6719999999999999 -0.9254518116402699
-0.6699999999999999 -0.9192096250518935
-0.6679999999999999 -0.912836061236049
-0.6659999999999999 -0.9063396550895493
-0.6639999999999999 -0.8997288568881963
-0.6619999999999999 -0.8930120286681479
-0.6599999999999999 -0.8861974407412397
-0.6579999999999999 -0.8792932683422116
-0.6559999999999999 -0.8723075884057809
-0.6539999999999999 -0.8652483764715388
-0.6519999999999999 -0.8581235037146467
-0.6499999999999999 -0.8509407341003418
-0.648 -0.8437077216602624
-0.646 -0.8364320078886331
-0.644 -0.8291210192563536
-0.642 -0.8217820648410651
-0.64 -0.814422334071266
-0.638 -0.8070488945825885
-0.636 -0.7996686901843341
-0.634 -0.7922885389344159
-0.632 -0.7849151313208388
-0.63 -0.7775550285478885
-0.628 -0.7702146609252
-0.626 -0.7629003263579092
-0.624 -0.7556181889360816
-0.622 -0.7483742776216575
-0.62 -0.7411744850311415
-0.618 -0.7340245663123012
-0.616 -0.7269301381131376
-0.614 -0.7198966776414196
-0.612 -0.7129295218130809
-0.61 -0.7060338664877964
-0.608 -0.6992147657900702
-0.606 -0.6924771315141813
-0.604 -0.6858257326113482
-0.602 -0.6792651947574948
-0.6 -0.6728
-0.598 -0.6664344864818462
-0.596 -0.6601728482415842
-0.594 -0.6540191350875495
-0.592 -0.647977252544788
-0.59 -0.6420509618731448
-0.588 -0.6362438801550118
-0.586 -0.6305594804512126
-0.584 -0.6250010920235486
-0.5820000000000001 -0.6195719006225181
-0.5800000000000001 -0.6142749488387557
-0.5780000000000001 -0.6091131365167383
-0.5760000000000001 -0.6040892212293298
-0.5740000000000001 -0.5992058188117364
-0.5720000000000001 -0.5944654039534798
-0.5700000000000001 -0.5898703108469875
-0.5680000000000001 -0.5854227338914262
-0.5660000000000001 -0.5811247284504181
-0.5640000000000001 -0.5769782116622884
-0.562 -0.5729849633015086
-0.56 -0.5691466266900157
-0.558 -0.5654647096570995
-0.556 -0.5619405855465632
-0.554 -0.5585754942698778
-0.552 -0.5553705434040648
-0.55 -0.5523267093330488
-0.548 -0.5494448384312488
-0.546 -0.5467256482881742
-0.544 -0.5441697289728167
-0.542 -0.5417775443366372
-0.54 -0.53954943335396
-0.538 -0.5374856114986045
-0.536 -0.53558617215559
-0.534 -0.5338510880667705
-0.532 -0.5322802128092615
-0.53 -0.5308732823055409
-0.528 -0.5296299163641142
-0.526 -0.5285496202496482
-0.524 -0.527631786281492
-0.522 -0.5268756954595136
-0.52 -0.5262805191161978
-0.518 -0.5258453205939542
-0.516 -0.5255690569466142
-0.514 -0.5254505806640835
-0.512 -0.5254886414191572
-0.51 -0.52568188783549
-0.508 -0.5260288692757485
-0.506 -0.5265280376489682
-0.504 -0.5271777492361646
-0.502 -0.5279762665332457
-0.5 -0.5289217601102942
-0.498 -0.5300123104862997
-0.496 -0.5312459100184316
-0.494 -0.5326204648049475
-0.492 -0.5341337966008624
-0.49 -0.5357836447454944
-0.488 -0.5375676681010316
-0.486 -0.5394834470012646
-0.484 -0.5415284852096484
-0.482 -0.5437002118858658
-0.48 -0.5459959835600737
-0.478 -0.5484130861140328
-0.476 -0.5509487367683208
-0.474 -0.553600086074856
-0.472 -0.5563642199139506
-0.47 -0.5592381614951442
-0.46799999999999997 -0.5622188733610607
-0.46599999999999997 -0.5653032593935615
-0.46399999999999997 -0.5684881668214591
-0.46199999999999997 -0.5717703882290803
-0.45999999999999996 -0.5751466635649811
-0.45799999999999996 -0.5786136821501072
-0.45599999999999996 -0.5821680846847324
-0.45399999999999996 -0.5858064652534903
-0.45199999999999996 -0.589525373327851
-0.44999999999999996 -0.5933213157653807
-0.44799999999999995 -0.5971907588051563
-0.44599999999999995 -0.6011301300586954
-0.44399999999999995 -0.6051358204957946
-0.44199999999999995 -0.6092041864246551
-0.43999999999999995 -0.6133315514657132
-0.43799999999999994 -0.6175142085185714
-0.43599999999999994 -0.6217484217214728
-0.43399999999999994 -0.6260304284027324
-0.43199999999999994 -0.6303564410235826
-0.42999999999999994 -0.6347226491118823
-0.42799999999999994 -0.6391252211861491
-0.42599999999999993 -0.643560306669397
-0.42399999999999993 -0.6480240377922528
-0.42200000000000004 -0.6525125314848519
-0.42000000000000004 -0.6570218912570182
-0.41800000000000004 -0.661548209066229
-0.41600000000000004 -0.6660875671729027
-0.41400000000000003 -0.6706360399825345
-0.41200000000000003 -0.6751896958742184
-0.41000000000000003 -0.6797445990151136
-0.40800000000000003 -0.6842968111604136
-0.406 -0.6888423934383867
-0.404 -0.6933774081200685
-0.402 -0.6978979203732003
-0.4 -0.7023999999999996
-0.398 -0.7068797231583858
-0.396 -0.7113331740662616
-0.394 -0.71575644668849
-0.392 -0.7201456464061926
-0.39 -0.7244968916680131
-0.388 -0.7288063156230048
-0.386 -0.7330700677347947
-0.384 -0.7372843153767048
-0.382 -0.741445245407496
-0.38 -0.7455490657274375
-0.378 -0.7495920068143825
-0.376 -0.753570323239569
-0.374 -0.7574802951628468
-0.372 -0.7613182298070629
-0.37 -0.7650804629113265
-0.368 -0.7687633601628958
-0.366 -0.7723633186074372
-0.364 -0.7758767680374036
-0.362 -0.7793001723582996
-0.36 -0.7826300309326075
-0.358 -0.7858628799011458
-0.356 -0.7889952934816544
-0.354 -0.7920238852443978
-0.352 -0.7949453093645903
-0.35 -0.7977562618514531
-0.348 -0.800453481753726
-0.346 -0.8030337523414524
-0.344 -0.8054939022638801
-0.34199999999999997 -0.8078308066833113
-0.33999999999999997 -0.8100413883847599
-0.33799999999999997 -0.8121226188612617
-0.33599999999999997 -0.814071519374712
-0.33399999999999996 -0.8158851619920945
-0.33199999999999996 -0.8175606705969866
-0.32999999999999996 -0.8190952218762183
-0.32799999999999996 -0.8204860462815876
-0.32599999999999996 -0.8217304289665236
-0.32399999999999995 -0.8228257106976142
-0.32199999999999995 -0.8237692887409025
-0.31999999999999995 -0.8245586177228801
-0.31799999999999995 -0.825191210466105
-0.31599999999999995 -0.8256646387993756
-0.31399999999999995 -0.8259765343424064
-0.31199999999999994 -0.8261245892649508
-0.30999999999999994 -0.8261065570203294
-0.30799999999999994 -0.8259202530533251
-0.30599999999999994 -0.825563555482408
-0.30399999999999994 -0.8250344057562774
-0.30199999999999994 -0.8243308092846866
-0.29999999999999993 -0.8234508360435522
-0.29799999999999993 -0.8223926211543331
-0.29600000000000004 -0.8211543654376858
-0.29400000000000004 -0.8197343359413957
-0.29200000000000004 -0.8181308664426051
-0.29000000000000004 -0.8163423579243518
-0.28800000000000003 -0.8143672790264437
-0.28600000000000003 -0.8122041664707034
-0.28400000000000003 -0.8098516254606151
-0.28200000000000003 -0.8073083300554222
-0.28 -0.8045730235187201
-0.278 -0.801644518641599
-0.276 -0.7985216980403991
-0.274 -0.7952035144291442
-0.272 -0.7916889908667198
-0.27 -0.7879772209788803
-0.268 -0.7840673691551625
-0.266 -0.7799586707207948
-0.264 -0.7756504320836959
-0.262 -0.7711420308566612
-0.26 -0.7664329159548401
-0.258 -0.7615226076686143
-0.256 -0.7564106977119901
-0.254 -0.7510968492466261
-0.252 -0.7455807968816182
-0.25 -0.73986234664917
-0.248 -0.7339413759562913
-0.246 -0.7278178335126496
-0.244 -0.7214917392347319
-0.242 -0.714963184126457
-0.24 -0.7082323301363955
-0.238 -0.7012994099917543
-0.236 -0.6941647270092886
-0.23399999999999999 -0.6868286548833037
-0.23199999999999998 -0.6792916374509311
-0.22999999999999998 -0.6715541884348366
-0.22799999999999998 -0.6636168911635558
-0.22599999999999998 -0.6554803982696337
-0.22399999999999998 -0.6471454313657601
-0.22199999999999998 -0.6386127806990927
-0.21999999999999997 -0.6298833047839631
-0.21799999999999997 -0.6209579300131737
-0.21599999999999997 -0.6118376502480795
-0.21399999999999997 -0.6025235263876753
-0.21199999999999997 -0.5930166859168944
-0.20999999999999996 -0.5833183224343355
-0.20799999999999996 -0.5734296951596437
-0.20599999999999996 -0.5633521284207633
-0.20399999999999996 -0.5530870111212953
-0.20199999999999996 -0.5426357961881881
-0.19999999999999996 -0.5319999999999999
-0.19799999999999995 -0.521181201795966
-0.19599999999999995 -0.5101810430661196
-0.19399999999999995 -0.49900122692270626
-0.19199999999999995 -0.4876435174531438
-0.18999999999999995 -0.4761097390547784
-0.18799999999999994 -0.4644017757516917
-0.18599999999999994 -0.45252157049381897
-0.18399999999999994 -0.44047112443863806
-0.18199999999999994 -0.42825249621569633
-0.17999999999999994 -0.4158678011742373
-0.17799999999999994 -0.40331921061420584
-0.17599999999999993 -0.39060895100089676
-0.17399999999999993 -0.37773930316353
-0.17199999999999993 -0.3647126014780249
-0.16999999999999993 -0.35153123303426137
-0.16799999999999993 -0.3381976367881067
-0.16600000000000004 -0.3247143026984987
-0.16400000000000003 -0.3110837708498701
-0.16200000000000003 -0.2973086305602138
-0.16000000000000003 -0.28339151947507285
-0.15800000000000003 -0.26933512264776055
-0.15600000000000003 -0.2551421716061029
-0.15400000000000003 -0.2408154434060107
-0.15200000000000002 -0.22635775967217875
-0.15000000000000002 -0.21177198562622093
-0.14800000000000002 -0.19706102910254839
-0.14600000000000002 -0.18222783955229846
-0.14400000000000002 -0.16727540703562838
-0.14200000000000002 -0.1522067612026835
-0.14 -0.13702497026356014
-0.138 -0.12173313994757558
-0.136 -0.10633441245216502
-0.134 -0.09083196538172703
-0.132 -0.07522901067674014
-0.13 -0.0595287935334694
-0.128 -0.04373459131459473
-0.126 -0.027849712451081532
-0.124 -0.011877495335625243
-0.122 0.004178692792003247
-0.12 0.020315456967378707
-0.118 0.03652937563128074
-0.11599999999999999 0.052817001766653965
-0.11399999999999999 0.06917486404233938
-0.11199999999999999 0.08559946796323956
-0.10999999999999999 0.10208729702658134
-0.10799999999999998 0.11863481388394259
-0.10599999999999998 0.13523846150869914
-0.10399999999999998 0.15189466436856047
-0.10199999999999998 0.1685998296028489
-0.09999999999999998 0.18535034820418556
-0.09799999999999998 0.20214259620424194
-0.09599999999999997 0.21897293586321367
-0.09399999999999997 0.2358377168626788
-0.09199999999999997 0.2527332775014933
-0.08999999999999997 0.26965594589438513
-0.08799999999999997 0.2866020411729028
-0.08599999999999997 0.30356787468837204
-0.08399999999999996 0.32054975121652324
-0.08199999999999996 0.3375439701634385
-0.07999999999999996 0.3545468267724804
-0.07799999999999996 0.37155461333185397
-0.07599999999999996 0.3885636203824627
-0.07399999999999995 0.40557013792570773
-0.07199999999999995 0.4225704566308954
-0.06999999999999995 0.43956086904189884
-0.06799999999999995 0.45653767078273977
-0.06599999999999995 0.4734971617617411
-0.06399999999999995 0.49043564737390977
-0.061999999999999944 0.5073494397012068
-0.05999999999999994 0.5242348587103602
-0.05799999999999994 0.541088233447887
-0.05599999999999994 0.5579059032319691
-0.05399999999999994 0.5746842188408585
-0.051999999999999935 0.591419543697461
-0.04999999999999993 0.6081082550497621
-0.04799999999999993 0.6247467451467581
-0.04599999999999993 0.6413314224095542
-0.04399999999999993 0.6578587125972954
-0.041999999999999926 0.6743250599675867
-0.040000000000000036 0.6907269284310761
-0.038000000000000034 0.7070608026998677
-0.03600000000000003 0.7233231894294214
-0.03400000000000003 0.7395106183536198
-0.03200000000000003 0.7556196434126687
-0.030000000000000027 0.7716468438734972
-0.028000000000000025 0.7875888254423371
-0.026000000000000023 0.8034422213691522
-0.02400000000000002 0.8192036935435936
-0.02200000000000002 0.8348699335821551
-0.020000000000000018 0.8504376639062139
-0.018000000000000016 0.8659036388106294
-0.016000000000000014 0.881264645522586
-0.014000000000000012 0.8965175052503643
-0.01200000000000001 0.9116590742217218
-0.010000000000000009 0.9266862447115755
-0.008000000000000007 0.9415959460586714
-0.006000000000000005 0.9563851456709332
-0.0040000000000000036 0.9710508500191883
-0.0020000000000000018 0.9855901056189547
0.0 1.0
0.0020000000000000018 1.0142776626633614
0.0040000000000000036 1.0284202660255366
0.006000000000000005 1.0424250263495394
0.008000000000000007 1.0562892046625412
0.010000000000000009 1.070010107659794
0.01200000000000001 1.083585088594551
0.014000000000000012 1.0970115481537033
0.016000000000000014 1.1102869353188418
0.018000000000000016 1.1234087482124693
0.020000000000000018 1.1363745349290801
0.02200000000000002 1.1491818943508385
0.02400000000000002 1.161828476947576
0.026000000000000023 1.1743119855608406
0.028000000000000025 1.186630176171737
0.030000000000000027 1.1987808586522841
0.03200000000000003 1.2107618975000376
0.03400000000000003 1.2225712125557173
0.03600000000000003 1.2342067797035812
0.038000000000000034 1.2456666315543032
0.040000000000000036 1.2569488581101007
0.04200000000000004 1.2680516074118668
0.04400000000000004 1.2789730861680735
0.04600000000000004 1.2897115603651987
0.04800000000000004 1.3002653558594495
0.050000000000000044 1.3106328589495493
0.052000000000000046 1.3208125169303635
0.05400000000000005 1.3308028386271358
0.05600000000000005 1.3406023949101211
0.05800000000000005 1.3502098191893968
0.06000000000000005 1.3596238078896408
0.062000000000000055 1.3688431209046676
0.06400000000000006 1.3778665820315243
0.06600000000000006 1.3866930793839336
0.06800000000000006 1.3953215657849019
0.07000000000000006 1.4037510591382947
0.07200000000000006 1.4119806427791932
0.07400000000000007 1.420009465802842
0.07600000000000007 1.4278367433720205
0.07800000000000007 1.4354617570026584
0.08000000000000007 1.4428838548275202
0.08200000000000007 1.4501024518377996
0.08400000000000007 1.4571170301024603
0.08600000000000008 1.463927138965168
0.08800000000000008 1.4705323952186586
0.09000000000000008 1.4769324832563966
0.09200000000000008 1.4831271552013867
0.09400000000000008 1.489116231011989
0.09600000000000009 1.4948995985646207
0.09800000000000009 1.5004772137132008
0.10000000000000009 1.5058491003252261
0.10200000000000009 1.5110153502943586
0.10400000000000009 1.5159761235294034
0.1060000000000001 1.5207316479195858
0.1080000000000001 1.5252822192760083
0.1100000000000001 1.5296282012491997
0.1120000000000001 1.5337700252226678
0.1140000000000001 1.5377081901823573
0.1160000000000001 1.5414432625619436
0.1180000000000001 1.5449758760638832
0.1200000000000001 1.5483067314561507
0.12200000000000011 1.5514365963445953
0.12400000000000011 1.5543663049208656
0.1260000000000001 1.5570967576858439
0.1280000000000001 1.5596289211485426
0.13000000000000012 1.5619638275004273
0.13200000000000012 1.564102574265129
0.13400000000000012 1.5660463239235116
0.13600000000000012 1.5677963035140725
0.13800000000000012 1.569353804208672
0.14000000000000012 1.57072018086356
0.14200000000000013 1.571896851545711
0.14400000000000013 1.5728852970344598
0.14600000000000013 1.5736870602984518
0.14800000000000013 1.574303745947918
0.15000000000000013 1.574737019662296
0.15200000000000014 1.5749886075932251
0.15399999999999991 1.5750602957429463
0.15599999999999992 1.5749539293181545
0.15799999999999992 1.5746714120593361
0.15999999999999992 1.574214705545661
0.16199999999999992 1.5735858284754773
0.16399999999999992 1.5727868559224834
0.16599999999999993 1.5718199185676456
0.16799999999999993 1.5706872019069447
0.16999999999999993 1.569390945435043
0.17199999999999993 1.5679334418049558
0.17399999999999993 1.5663170359638423
0.17599999999999993 1.5645441242650167
0.17799999999999994 1.5626171535562998
0.17999999999999994 1.5605386202448257
0.18199999999999994 1.5583110693384548
0.18399999999999994 1.5559370934639014
0.18599999999999994 1.5534193318617557
0.18799999999999994 1.5507604693585217
0.18999999999999995 1.5479632353158541
0.19199999999999995 1.5450304025571533
0.19399999999999995 1.541964786271693
0.19599999999999995 1.53876924289647
0.19799999999999995 1.5354466689759627
0.19999999999999996 1.532
0.20199999999999996 1.5284322092199494
0.20399999999999996 1.5247463064434346
0.20599999999999996 1.5209453368078087
0.20799999999999996 1.5170323795326197
0.20999999999999996 1.5130105466512935
0.21199999999999997 1.5088829817223002
0.21399999999999997 1.504652858520043
0.21599999999999997 1.5003233797057476
0.21799999999999997 1.4958977754786074
0.21999999999999997 1.4913793022074928
0.22199999999999998 1.486771241043477
0.22399999999999998 1.4820768965135143
0.22599999999999998 1.477299595095549
0.22799999999999998 1.4724426837753806
0.22999999999999998 1.4675095285856183
0.23199999999999998 1.4625035131270314
0.23399999999999999 1.457428037072671
0.236 1.452286514655084
0.238 1.447082373136993
0.24 1.441819051265807
0.242 1.4364999977123463
0.244 1.4311286694941514
0.246 1.4257085303837878
0.248 1.4202430493025469
0.25 1.4147356986999506
0.252 1.4091899529194911
0.254 1.403609286551029
0.256 1.397997172770306
0.258 1.3923570816660058
0.26 1.38669247855484
0.262 1.3810068222851193
0.264 1.3753035635292956
0.266 1.3695861430659628
0.268 1.3638579900518144
0.27 1.358122520284073
0.272 1.3523831344539083
0.274 1.346643216391366
0.276 1.3409061313023631
0.278 1.3351752239982781
0.28 1.32945381711872
0.28200000000000003 1.3237452093480224
0.28400000000000003 1.3180526736260592
0.28600000000000003 1.3123794553539618
0.28800000000000003 1.3067287705953465
0.29000000000000004 1.3011038042736622
0.29200000000000004 1.2955077083662667
0.29400000000000004 1.2899436000958855
0.29600000000000004 1.2844145601200765
0.29800000000000004 1.2789236307193703
0.30000000000000004 1.2734738139847284
0.30200000000000005 1.2680680700050186
0.30400000000000005 1.2627093150551751
0.30600000000000005 1.2574004197857507
0.30800000000000005 1.252144207414554
0.31000000000000005 1.2469434519211104
0.31200000000000006 1.241800876244659
0.31400000000000006 1.2367191504864292
0.31600000000000006 1.2317008901169568
0.31800000000000006 1.2267486541891905
0.32000000000000006 1.221864943558174
0.32200000000000006 1.2170521991080772
0.32400000000000007 1.2123127999873824
0.32600000000000007 1.207649061853033
0.32800000000000007 1.203063235124354
0.33000000000000007 1.1985575032475875
0.3320000000000001 1.1941339809718845
0.3340000000000001 1.189794712637593
0.3360000000000001 1.1855416704777322
0.3380000000000001 1.181376752933505
0.3400000000000001 1.1773017829847603
0.3420000000000001 1.173318506496291
0.3440000000000001 1.1694285905808939
0.3460000000000001 1.1656336219800991
0.3480000000000001 1.1619351054635305
0.3500000000000001 1.1583344622478222
0.3520000000000001 1.1548330284360715
0.3540000000000001 1.1514320534787932
0.3560000000000001 1.14813269865736
0.3580000000000001 1.1449360355909346
0.3600000000000001 1.1418430447679013
0.3620000000000001 1.138854614102816
0.3640000000000001 1.135971537519915
0.3660000000000001 1.133194513564234
0.3680000000000001 1.1305241440413896
0.3700000000000001 1.1279609326871078
0.3720000000000001 1.1255052838675739
0.3740000000000001 1.1231575013117165
0.3760000000000001 1.120917786876525
0.3780000000000001 1.118786239346535
0.3800000000000001 1.1167628532686142
0.3820000000000001 1.114847517823203
0.3840000000000001 1.1130400157331723
0.3860000000000001 1.1113400222114753
0.3880000000000001 1.109747103948786
0.3900000000000001 1.1082607181423236
0.3920000000000001 1.1068802115670884
0.39400000000000013 1.1056048196907255
0.39600000000000013 1.1044336658332776
0.39800000000000013 1.1033657603730695
0.40000000000000013 1.1023999999999998
0.40200000000000014 1.1015351670175317
0.40400000000000014 1.1007699286946624
0.40600000000000014 1.1001028366692098
0.4079999999999999 1.0995323264037133
0.4099999999999999 1.0990567166953067
0.4119999999999999 1.0986742092409172
0.4139999999999999 1.0983828882591373
0.4159999999999999 1.0981807201701808
0.4179999999999999 1.0980655533352885
0.41999999999999993 1.098035117857019
0.42199999999999993 1.0980870254418218
0.42399999999999993 1.0982187693263603
0.42599999999999993 1.098427724269003
0.42799999999999994 1.0987111466079797
0.42999999999999994 1.0990661743876637
0.43199999999999994 1.0994898275544835
0.43399999999999994 1.0999790082239704
0.43599999999999994 1.1005305010204673
0.43799999999999994 1.101140973491037
0.43999999999999995 1.101806976595125
0.44199999999999995 1.1025249452715422
0.44399999999999995 1.103291199084352
0.44599999999999995 1.1041019429492591
0.44799999999999995 1.1049532679421157
0.44999999999999996 1.1058411521911626
0.45199999999999996 1.1067614618546635
0.45399999999999996 1.107709952185579
0.45599999999999996 1.1086822686849513
0.45799999999999996 1.1096739483456977
0.45999999999999996 1.1106804209885108
0.46199999999999997 1.1116970106915776
0.46399999999999997 1.112718937315866
0.46599999999999997 1.113741318127711
0.46799999999999997 1.1147591695204841
0.47 1.1157674088371021
0.472 1.1167608562952007
0.474 1.1177342370167571
0.476 1.1186821831640066
0.478 1.1195992361834866
0.48 1.1204798491600743
0.482 1.1213183892828837
0.484 1.1221091404249235
0.486 1.1228463058384106
0.488 1.1235240109676732
0.49 1.1241363063815701
0.492 1.1246771708273966
0.494 1.1251405144082292
0.496 1.125520181885715
0.498 1.125809956110293
0.5 1.1260035615808828
0.502 1.126094668136063
0.504 1.1260768947788025
0.506 1.1259438136368078
0.508 1.125688954060581
0.51 1.1253058068612722
0.512 1.1247878286904744
0.514 1.1241284465640737
0.516 1.1233210625323136
0.518 1.1223590584982512
0.52 1.1212358011867862
0.522 1.1199446472664605
0.524 1.1184789486262645
0.526 1.1168320578096749
0.528 1.1149973336081895
0.53 1.1129681468166164
0.532 1.1107378861524295
0.534 1.1082999643414724
0.536 1.1056478243723653
0.538 1.1027749459219198
0.54 1.0996748519539605
0.542 1.0963411154938942
0.544 1.0927673665814535
0.546 1.0889472994040026
0.548 1.0848746796128492
0.55 1.0805433518250067
0.552 1.0759472473128717
0.554 1.0710803918843022
0.556 1.0659369139555968
0.558 1.0605110528198964
0.56 1.0547971671135454
0.562 1.0487897434829678
0.5640000000000001 1.0424834054546324
0.5660000000000001 1.0358729225107044
0.5680000000000001 1.0289532193729833
0.5700000000000001 1.0217193854977686
0.5720000000000001 1.0141666847842967
0.5740000000000001 1.0062905654994043
0.5760000000000001 0.9980866704211279
0.5780000000000001 0.9895508472039098
0.5800000000000001 0.9806791589681669
0.5820000000000001 0.9714678951169334
0.5840000000000001 0.9619135823823549
0.5860000000000001 0.9520129961048069
0.5880000000000001 0.9417631717474346
0.5900000000000001 0.9311614166489258
0.5920000000000001 0.9202053220173646
0.5940000000000001 0.9088927751680022
0.5960000000000001 0.897221972007835
0.5980000000000001 0.8851914297698708
0.6000000000000001 0.8728
0.6020000000000001 0.8600468817994016
0.6040000000000001 0.8469316353254357
0.6060000000000001 0.8334541955539858
0.6080000000000001 0.8196148863062518
0.6100000000000001 0.8054144345429888
0.6120000000000001 0.790853984929232
0.6140000000000001 0.775935114672543
0.6160000000000001 0.7606598486378644
0.6180000000000001 0.7450306747420397
0.6200000000000001 0.7290505596311412
0.6220000000000001 0.7127229646437009
0.6240000000000001 0.6960518620630176
0.6260000000000001 0.6790417516616805
0.6280000000000001 0.661697677541524
0.6300000000000001 0.6440252452721982
0.6320000000000001 0.6260306393315939
0.6340000000000001 0.6077206408513638
0.6360000000000001 0.589102645670813
0.6380000000000001 0.5701846827024397
0.6400000000000001 0.5509754326124415
0.6420000000000001 0.5314842468195065
0.6440000000000001 0.5117211668152517
0.6460000000000001 0.49169694380966056
0.6480000000000001 0.4714230587049304
0.6500000000000001 0.4509117424011215
0.6520000000000001 0.43017599643705096
0.6540000000000001 0.4092296139698804
0.6560000000000001 0.3880872010968704
0.6580000000000001 0.366764198522794
0.6600000000000001 0.34527690357653285
0.6620000000000001 0.32364249258037153
0.6640000000000001 0.301879043575577
0.6659999999999999 0.28000555940781396
0.6679999999999999 0.25804199117600274
0.6699999999999999 0.23600926204826406
0.6719999999999999 0.21392929144854117
0.6739999999999999 0.19182501961762452
0.6759999999999999 0.16972043255221003
0.6779999999999999 0.14764058732572694
0.6799999999999999 0.1256116377946589
0.6819999999999999 0.10366086069409092
0.6839999999999999 0.08181668212627907
0.6859999999999999 0.06010870444601529
0.688 0.03856773354660106
0.69 0.01722580655027714
0.692 -0.00388378009302745
0.694 -0.024726442094785
0.696 -0.045266278400839716
0.698 -0.06546604184439159
0.7 -0.08528710937500014
0.702 -0.1046894518596764
0.704 -0.12363160345205321
0.706 -0.14207063052562618
0.708 -0.1599621001670332
0.71 -0.1772600482253192
0.712 -0.19391694691308647
0.714 -0.20988367195547067
0.716 -0.22510946928276782
0.718 -0.23954192126259605
0.72 -0.25312691246742725
0.722 -0.2658085949732709
0.724 -0.27752935318531546
0.726 -0.2882297681862921
0.728 -0.2978485816032746
0.73 -0.3063226589886662
0.732 -0.3135869527110315
0.734 -0.3195744643514894
0.736 -0.3242162066012569
0.738 -0.32744116465601775
0.74 -0.32917625710268855
0.742 -0.3293462962941729
0.744 -0.32787394820766075
0.746 -0.32467969178197265
0.748 -0.3196817777295133
0.75 -0.31279618681825827
0.752 -0.3039365876192794
0.754 -0.29301429371522525
0.756 -0.2799382203651595
0.758 -0.2646148406211816
0.76 -0.24694814089216066
0.762 -0.2268395759499397
0.764 -0.20418802337332032
0.766 -0.1788897374251473
0.768 -0.1508383023577215
0.77 -0.11992458514182269
0.772 -0.08603668761453831
0.774 -0.04905989804112554
0.776 -0.008876642086048436
0.778 0.034633566811646865
0.78 0.08159417766348398
0.782 0.13213165276215344
0.784 0.18637551912247152
0.786 0.24445842053763817
0.788 0.3065161702557923
0.79 0.37268780428183584
0.792 0.44311563530957015
0.794 0.5179453072891737
0.796 0.5973258506351113
0.798 0.6814097380795587
0.8 0.7703529411764705
0.802 0.8643149874614336
0.804 0.9634590182724853
0.806 1.0679518472370872
0.808 1.1779640194304772
0.81 1.2936698712106538
0.812 1.41524759073525
0.8140000000000001 1.5428792791656236
0.8160000000000001 1.6767510125634395
0.8180000000000001 1.8170529044851549
0.8200000000000001 1.9639791692797277
0.8220000000000001 2.1177281860949675
0.8240000000000001 2.2785025635979745
0.8260000000000001 2.4465092054150714
0.8280000000000001 2.6219593762967675
0.8300000000000001 2.8050687690131877
0.8320000000000001 2.9960575719855482
0.8340000000000001 3.195150537659222
0.8360000000000001 3.4025770516239433
0.8380000000000001 3.6185712024868106
0.8400000000000001 3.8433718525036467
0.8420000000000001 4.077222708974496
0.8440000000000001 4.320372396408776
0.8460000000000001 4.573074529465927
0.8480000000000001 4.835587786677281
0.8500000000000001 5.108175984954841
0.8520000000000001 5.3911081548928355
0.8540000000000001 5.684658616867788
0.8560000000000001 5.989107057943075
0.8580000000000001 6.304738609583683
0.8600000000000001 6.631843926187165
0.8620000000000001 6.970719264436681
0.8640000000000001 7.321666563482134
0.8660000000000001 7.684993525955212
0.8680000000000001 8.061013699824557
0.8700000000000001 8.450046561096963
0.8720000000000001 8.852417597370621
0.8740000000000001 9.268458392246666
0.8760000000000001 9.698506710604901
0.8780000000000001 10.142906584750122
0.8800000000000001 10.602008401434809
0.8820000000000001 11.076168989764943
0.8840000000000001 11.565751709994574
0.8860000000000001 12.071126543215753
0.8880000000000001 12.59267018195002
0.8900000000000001 13.130766121647708
0.8920000000000001 13.6858047531015
0.8940000000000001 14.258183455780358
0.8960000000000001 14.848306692090603
0.8980000000000001 15.456586102570034
0.9000000000000001 16.083440602022097
0.9020000000000001 16.729296476596133
0.9040000000000001 17.39458748182042
0.9060000000000001 18.07975494159441
0.9080000000000001 18.785247848146867
0.9100000000000001 19.511522962966417
0.9120000000000001 20.259044918710888
0.9140000000000001 21.028286322102566
0.9160000000000001 21.819727857815664
0.9180000000000001 22.6338583933626
0.9199999999999999 23.471175084986115
0.9219999999999999 24.332183484564368
0.9239999999999999 25.217397647534103
0.9259999999999999 26.127340241841015
0.9279999999999999 27.062542657922386
0.9299999999999999 28.02354511972966
0.9319999999999999 29.01089679679772
0.9339999999999999 30.02515591736751
0.9359999999999999 31.066889882569566
0.938 32.13667538167428
0.94 33.23509850841789
0.942 34.362754878408595
0.944 35.52024974762251
0.946 36.70819813199453
0.948 37.92722492811224
0.95 39.177965035019916
0.952 40.46106347713981
0.954 41.77717552831726
0.956 43.12696683699786
0.958 44.51111355254371
0.96 45.930302452695024
0.962 47.38523107218634
0.964 48.8766078325228
0.966 50.405152172924645
0.968 51.97159468244837
0.97 53.57667723328983
0.972 55.2211531152784
0.974 56.90578717156957
0.976 58.63135593554303
0.978 60.3986477689135
0.98 62.20846300106281
0.982 64.06161406960082
0.984 65.95892566216136
0.986 67.90123485944316
0.988 69.88939127950135
0.99 71.924257223299
0.992 74.00670782152484
0.994 76.13763118268652
0.996 78.31792854248644
0.998 80.54851441448841
