-1.0 -0.653846152277328
-0.998 -0.6537463521506927
-0.996 -0.65364814204683
-0.994 -0.6535515205087623
-0.992 -0.6534564973963515
-0.99 -0.6533630820773177
-0.988 -0.6532712771196776
-0.986 -0.6531810861990716
-0.984 -0.653092516514757
-0.982 -0.6530055760688516
-0.98 -0.6529202712896364
-0.978 -0.65283660704174
-0.976 -0.6527545879678253
-0.974 -0.6526742195736155
-0.972 -0.6525955083666974
-0.97 -0.6525184612882273
-0.968 -0.6524430850309922
-0.966 -0.6523693856858416
-0.964 -0.6522973688193611
-0.962 -0.6522270398213461
-0.96 -0.6521584042743334
-0.958 -0.6520914681605737
-0.956 -0.6520262378495536
-0.954 -0.651962719921645
-0.952 -0.6519009209385709
-0.95 -0.651840847265412
-0.948 -0.6517825050035846
-0.946 -0.6517259000384913
-0.944 -0.6516710381629403
-0.942 -0.6516179252189424
-0.94 -0.651566567206145
-0.938 -0.6515169703264888
-0.9359999999999999 -0.6514691409610139
-0.9339999999999999 -0.6514230855966131
-0.9319999999999999 -0.6513788107324567
-0.9299999999999999 -0.6513363227965144
-0.9279999999999999 -0.6512956280945675
-0.926 -0.6512567328012785
-0.924 -0.6512196429899448
-0.922 -0.6511843646878197
-0.92 -0.6511509039392857
-0.918 -0.6511192668597918
-0.916 -0.6510894596682768
-0.914 -0.6510614886926371
-0.912 -0.6510353603500172
-0.91 -0.6510110811091824
-0.908 -0.6509886574454085
-0.906 -0.6509680957985643
-0.904 -0.6509494025430984
-0.902 -0.6509325839749585
-0.9 -0.6509176463163825
-0.898 -0.6509045957356804
-0.896 -0.6508934383764476
-0.894 -0.6508841803894221
-0.892 -0.650876827960395
-0.89 -0.6508713873290983
-0.888 -0.650867864796186
-0.886 -0.65086626671794
-0.884 -0.650866599490603
-0.882 -0.6508688695278889
-0.88 -0.6508730832360811
-0.878 -0.6508792469911092
-0.876 -0.6508873671212552
-0.874 -0.6508974498978086
-0.872 -0.6509095015345169
-0.87 -0.6509235281950819
-0.868 -0.6509395360068164
-0.866 -0.6509575310776498
-0.864 -0.6509775195134809
-0.862 -0.6509995074329993
-0.86 -0.6510235009777778
-0.858 -0.6510495063162643
-0.856 -0.6510775296413813
-0.854 -0.651107577162342
-0.852 -0.6511396550921217
-0.85 -0.6511737696324997
-0.848 -0.6512099269588142
-0.846 -0.6512481332064131
-0.844 -0.6512883944604442
-0.842 -0.6513307167499955
-0.84 -0.6513751060470008
-0.838 -0.6514215682695857
-0.836 -0.6514701092890195
-0.834 -0.6515207349389871
-0.832 -0.6515734510256969
-0.83 -0.6516282633373014
-0.828 -0.6516851776513425
-0.826 -0.6517441997391853
-0.8240000000000001 -0.6518053353669188
-0.8220000000000001 -0.6518685902925931
-0.8200000000000001 -0.6519339702601605
-0.8180000000000001 -0.6520014809908433
-0.8160000000000001 -0.652071128172875
-0.8140000000000001 -0.6521429174507775
-0.812 -0.6522168544152004
-0.81 -0.6522929445943366
-0.808 -0.6523711934475952
-0.806 -0.6524516063619781
-0.804 -0.6525341886512157
-0.802 -0.6526189455574685
-0.8 -0.6527058822550427
-0.798 -0.6527950038554625
-0.796 -0.6528863154130422
-0.794 -0.652979821930156
-0.792 -0.6530755283614084
-0.79 -0.6531734396161342
-0.788 -0.6532735605587702
-0.786 -0.6533758960069705
-0.784 -0.6534804507274878
-0.782 -0.6535872294301328
-0.78 -0.653696236760248
-0.778 -0.6538074772902982
-0.776 -0.6539209555111867
-0.774 -0.6540366758239539
-0.772 -0.6541546425323901
-0.77 -0.6542748598370125
-0.768 -0.6543973318306718
-0.766 -0.6545220624959027
-0.764 -0.6546490557039282
-0.762 -0.6547783152151028
-0.76 -0.654909844680401
-0.758 -0.6550436476435333
-0.756 -0.6551797275431487
-0.754 -0.6553180877146725
-0.752 -0.655458731391291
-0.75 -0.6556016617037761
-0.748 -0.6557468816788541
-0.746 -0.6558943942360522
-0.744 -0.6560442021830111
-0.742 -0.6561963082094511
-0.74 -0.6563507148800017
-0.738 -0.6565074246262765
-0.736 -0.6566664397385437
-0.734 -0.6568277623574105
-0.732 -0.6569913944658744
-0.73 -0.6571573378820722
-0.728 -0.6573255942529657
-0.726 -0.6574961650491044
-0.724 -0.6576690515605038
-0.722 -0.6578442548935903
-0.72 -0.6580217759690391
-0.718 -0.6582016155202939
-0.716 -0.658383774092455
-0.714 -0.6585682520412447
-0.712 -0.6587550495316999
-0.71 -0.6589441665363284
-0.708 -0.6591356028324296
-0.706 -0.6593293579984364
-0.704 -0.659525431409119
-0.702 -0.6597238222296594
-0.7 -0.6599245294085901
-0.698 -0.6601275516697838
-0.696 -0.6603328875036154
-0.694 -0.6605405351575547
-0.692 -0.6607504926264455
-0.69 -0.6609627576427137
-0.688 -0.6611773276667642
-0.6859999999999999 -0.6613941998777663
-0.6839999999999999 -0.661613371164998
-0.6819999999999999 -0.6618348381198658
-0.6799999999999999 -0.6620585970286136
-0.6779999999999999 -0.6622846438657367
-0.6759999999999999 -0.6625129742879706
-0.6739999999999999 -0.6627435836287611
-0.6719999999999999 -0.6629764668929914
-0.6699999999999999 -0.6632116187517914
-0.6679999999999999 -0.6634490335371804
-0.6659999999999999 -0.6636887052363487
-0.6639999999999999 -0.6639306274853483
-0.6619999999999999 -0.6641747935620582
-0.6599999999999999 -0.6644211963782671
-0.6579999999999999 -0.664669828470824
-0.6559999999999999 -0.6649206819918015
-0.6539999999999999 -0.6651737486977458
-0.6519999999999999 -0.665429019938034
-0.6499999999999999 -0.6656864866425162
-0.648 -0.6659461393085363
-0.646 -0.6662079679875655
-0.644 -0.6664719622715518
-0.642 -0.6667381112792343
-0.64 -0.6670064036425193
-0.638 -0.6672768274930817
-0.636 -0.6675493704492674
-0.634 -0.6678240196033594
-0.632 -0.6681007615092036
-0.63 -0.6683795821701707
-0.628 -0.6686604670273678
-0.626 -0.6689434009479932
-0.624 -0.6692283682136982
-0.622 -0.6695153525087851
-0.62 -0.6698043369081024
-0.618 -0.6700953038644487
-0.616 -0.6703882351953439
-0.614 -0.6706831120690541
-0.612 -0.6709799149897396
-0.61 -0.6712786237816821
-0.608 -0.6715792175725522
-0.606 -0.6718816747757157
-0.604 -0.6721859730716178
-0.602 -0.6724920893883329
-0.6 -0.6727999998813478
-0.598 -0.6731096799127145
-0.596 -0.6734211040296777
-0.594 -0.673734245942928
-0.592 -0.674049078504553
-0.59 -0.6743655736858511
-0.588 -0.6746837025550264
-0.586 -0.6750034352548747
-0.584 -0.6753247409804451
-0.5820000000000001 -0.6756475879566985
-0.5800000000000001 -0.6759719434161151
-0.5780000000000001 -0.6762977735761836
-0.5760000000000001 -0.6766250436166927
-0.5740000000000001 -0.6769537176566862
-0.5720000000000001 -0.6772837587310029
-0.5700000000000001 -0.6776151287662139
-0.5680000000000001 -0.6779477885558667
-0.5660000000000001 -0.678281697734892
-0.5640000000000001 -0.6786168147530651
-0.562 -0.6789530968474213
-0.56 -0.6792905000135685
-0.558 -0.679628978975822
-0.556 -0.6799684871561862
-0.554 -0.6803089766421329
-0.552 -0.6806503981532628
-0.55 -0.6809927010068505
-0.548 -0.6813358330823852
-0.546 -0.6816797407851447
-0.544 -0.682024369008924
-0.542 -0.6823696610979672
-0.54 -0.6827155588082183
-0.538 -0.6830620022679145
-0.536 -0.6834089299376035
-0.534 -0.6837562785696022
-0.532 -0.6841039831669006
-0.53 -0.6844519769414957
-0.528 -0.6848001912721217
-0.526 -0.6851485556612888
-0.524 -0.6854969976915894
-0.522 -0.6858454429811227
-0.52 -0.6861938151379638
-0.518 -0.6865420357135325
-0.516 -0.6868900241547697
-0.514 -0.6872376977549561
-0.512 -0.6875849716031169
-0.51 -0.6879317585318631
-0.508 -0.6882779690636275
-0.506 -0.6886235113551946
-0.504 -0.6889682911405032
-0.502 -0.689312211671674
-0.5 -0.6896551736582825
-0.498 -0.6899970752048412
-0.496 -0.6903378117465746
-0.494 -0.6906772759834633
-0.492 -0.6910153578126514
-0.49 -0.6913519442592178
-0.488 -0.6916869194053983
-0.486 -0.692020164318257
-0.484 -0.6923515569758708
-0.482 -0.6926809721920206
-0.48 -0.69300828153939
-0.478 -0.6933333532712594
-0.476 -0.6936560522416663
-0.474 -0.6939762398239372
-0.472 -0.6942937738275712
-0.47 -0.6946085084133289
-0.46799999999999997 -0.6949202940064632
-0.46599999999999997 -0.6952289772079306
-0.46399999999999997 -0.6955344007035118
-0.46199999999999997 -0.6958364031706618
-0.45999999999999996 -0.6961348191829919
-0.45799999999999996 -0.6964294791122367
-0.45599999999999996 -0.6967202090276267
-0.45399999999999996 -0.6970068305925038
-0.45199999999999996 -0.6972891609581401
-0.44999999999999996 -0.6975670126546383
-0.44799999999999995 -0.6978401934788817
-0.44599999999999995 -0.6981085063794582
-0.44399999999999995 -0.6983717493385418
-0.44199999999999995 -0.6986297152506915
-0.43999999999999995 -0.6988821917985868
-0.43799999999999994 -0.6991289613256488
-0.43599999999999994 -0.699369800705596
-0.43399999999999994 -0.6996044812088983
-0.43199999999999994 -0.6998327683661647
-0.42999999999999994 -0.7000544218284115
-0.42799999999999994 -0.7002691952242461
-0.42599999999999993 -0.7004768360139114
-0.42399999999999993 -0.7006770853401509
-0.42200000000000004 -0.7008696778758448
-0.42000000000000004 -0.7010543416683558
-0.41800000000000004 -0.7012307979804803
-0.41600000000000004 -0.7013987611279094
-0.41400000000000003 -0.7015579383130885
-0.41200000000000003 -0.701708029455342
-0.41000000000000003 -0.7018487270171198
-0.40800000000000003 -0.7019797158262364
-0.406 -0.7021006728939339
-0.404 -0.702211267228635
-0.402 -0.702311159645232
-0.4 -0.7024000025697745
-0.398 -0.7024774398394177
-0.396 -0.7025431064975062
-0.394 -0.7025966285836996
-0.392 -0.7026376229190173
-0.39 -0.7026656968857381
-0.388 -0.7026804482020697
-0.386 -0.7026814646915311
-0.384 -0.7026683240470156
-0.382 -0.7026405935894654
-0.38 -0.7025978300211541
-0.378 -0.7025395791735228
-0.376 -0.7024653757495822
-0.374 -0.702374743060793
-0.372 -0.7022671927584578
-0.37 -0.7021422245595441
-0.368 -0.7019993259669105
-0.366 -0.7018379719838821
-0.364 -0.7016576248231128
-0.362 -0.7014577336096486
-0.36 -0.7012377340781388
-0.358 -0.7009970482640646
-0.356 -0.7007350841889224
-0.354 -0.7004512355392241
-0.352 -0.7001448813392449
-0.35 -0.6998153856173729
-0.348 -0.6994620970659803
-0.346 -0.6990843486947161
-0.344 -0.698681457477117
-0.34199999999999997 -0.6982527239904723
-0.33999999999999997 -0.69779743204888
-0.33799999999999997 -0.6973148483294326
-0.33599999999999997 -0.696804221991527
-0.33399999999999996 -0.6962647842892792
-0.33199999999999996 -0.695695748177062
-0.32999999999999996 -0.6950963079082114
-0.32799999999999996 -0.694465638626946
-0.32599999999999996 -0.6938028959536084
-0.32399999999999995 -0.6931072155633
-0.32199999999999995 -0.6923777127580762
-0.31999999999999995 -0.6916134820327985
-0.31799999999999995 -0.690813596634856
-0.31599999999999995 -0.6899771081179039
-0.31399999999999995 -0.6891030458898216
-0.31199999999999994 -0.6881904167551217
-0.30999999999999994 -0.6872382044520038
-0.30799999999999994 -0.6862453691843318
-0.30599999999999994 -0.6852108471487582
-0.30399999999999994 -0.6841335500572941
-0.30199999999999994 -0.6830123646555954
-0.29999999999999993 -0.6818461522372913
-0.29799999999999993 -0.680633748154673
-0.29600000000000004 -0.6793739613261112
-0.29400000000000004 -0.6780655737405801
-0.29200000000000004 -0.6767073399597123
-0.29000000000000004 -0.6752979866178433
-0.28800000000000003 -0.6738362119205282
-0.28600000000000003 -0.6723206851420989
-0.28400000000000003 -0.6707500461228305
-0.28200000000000003 -0.6691229047663906
-0.28 -0.6674378405382637
-0.278 -0.6656934019659431
-0.276 -0.6638881061417075
-0.274 -0.6620204382289256
-0.272 -0.6600888509728574
-0.27 -0.6580917642170296
-0.268 -0.6560275644263199
-0.266 -0.6538946042180049
-0.264 -0.651691201902059
-0.262 -0.649415641032127
-0.26 -0.6470661699686446
-0.258 -0.6446410014557108
-0.256 -0.6421383122133598
-0.254 -0.639556242547025
-0.252 -0.6368928959760357
-0.25 -0.634146338883138
-0.248 -0.6313146001870793
-0.246 -0.6283956710404518
-0.244 -0.6253875045550593
-0.242 -0.6222880155572103
-0.24 -0.6190950803754529
-0.238 -0.6158065366633818
-0.236 -0.6124201832602719
-0.23399999999999999 -0.60893378009247
-0.23199999999999998 -0.6053450481185289
-0.22999999999999998 -0.6016516693213203
-0.22799999999999998 -0.597851286750406
-0.22599999999999998 -0.5939415046181991
-0.22399999999999998 -0.5899198884535193
-0.22199999999999998 -0.5857839653163915
-0.21999999999999997 -0.5815312240780275
-0.21799999999999997 -0.577159115770179
-0.21599999999999997 -0.5726650540081467
-0.21399999999999997 -0.5680464154919751
-0.21199999999999997 -0.5633005405904863
-0.20999999999999996 -0.5584247340129984
-0.20799999999999996 -0.5534162655737617
-0.20599999999999996 -0.5482723710542897
-0.20399999999999996 -0.5429902531689299
-0.20199999999999996 -0.5375670826392105
-0.19999999999999996 -0.5319999993825951
-0.19799999999999995 -0.5262861138214933
-0.19599999999999995 -0.5204225083184271
-0.19399999999999995 -0.5144062387434674
-0.19199999999999995 -0.5082343361800818
-0.18999999999999995 -0.5019038087757043
-0.18799999999999994 -0.4954116437433707
-0.18599999999999994 -0.48875480952087114
-0.18399999999999994 -0.4819302580938719
-0.18199999999999994 -0.4749349274895526
-0.17999999999999994 -0.46776574444724334
-0.17799999999999994 -0.46041962727258584
-0.17599999999999993 -0.45289348888165454
-0.17399999999999993 -0.4451842400414503
-0.17199999999999993 -0.4372887928130088
-0.16999999999999993 -0.4292040642033174
-0.16799999999999993 -0.4209269800319582
-0.16600000000000004 -0.4124544790182734
-0.16400000000000003 -0.403783517094521
-0.16200000000000003 -0.39491107195023145
-0.16000000000000003 -0.3858341478125759
-0.15800000000000003 -0.37654978046719545
-0.15600000000000003 -0.36705504252342236
-0.15400000000000003 -0.35734704892733105
-0.15200000000000002 -0.34742296272544476
-0.15000000000000002 -0.33728000108125894
-0.14800000000000002 -0.3269154415460122
-0.14600000000000002 -0.31632662858431887
-0.14400000000000002 -0.30551098035439356
-0.14200000000000002 -0.29446599574161525
-0.14 -0.28318926164313585
-0.138 -0.2716784605001004
-0.136 -0.2599313780728049
-0.134 -0.24794591145283104
-0.132 -0.23572007730478334
-0.13 -0.2232520203287684
-0.128 -0.21054002193320326
-0.126 -0.1975825091058784
-0.124 -0.1843780634694697
-0.122 -0.17092543050590334
-0.12 -0.15722352893208713
-0.118 -0.14327146020759474
-0.11599999999999999 -0.1290685181528907
-0.11399999999999999 -0.11461419865464008
-0.11199999999999999 -0.09990820943256541
-0.10999999999999999 -0.08495047984020054
-0.10799999999999998 -0.06974117066976299
-0.10599999999999998 -0.05428068392923715
-0.10399999999999998 -0.0385696725576349
-0.10199999999999998 -0.022609050042313065
-0.09999999999999998 -0.0063999999001684875
-0.09799999999999998 0.010056015017450733
-0.09599999999999997 0.026757243438190106
-0.09399999999999997 0.04370163684436358
-0.09199999999999997 0.060886840956420774
-0.08999999999999997 0.07831018757128866
-0.08799999999999997 0.09596868680405571
-0.08599999999999997 0.11385901978261462
-0.08399999999999996 0.13197753184584476
-0.08199999999999996 0.15032022629662675
-0.07999999999999996 0.16888275876139874
-0.07799999999999996 0.18766043220814932
-0.07599999999999996 0.20664819267453388
-0.07399999999999995 0.22584062575732713
-0.07199999999999995 0.24523195391354088
-0.06999999999999995 0.2648160346223001
-0.06799999999999995 0.2845863594549321
-0.06599999999999995 0.3045360540986743
-0.06399999999999995 0.32465787937694607
-0.061999999999999944 0.3449442333062172
-0.05999999999999994 0.36538715422620716
-0.05799999999999994 0.385978325036365
-0.05599999999999994 0.40670907856741745
-0.05399999999999994 0.42757040411214986
-0.051999999999999935 0.4485529551346249
-0.04999999999999993 0.46964705817160046
-0.04799999999999993 0.49084272293423603
-0.04599999999999993 0.5121296536120711
-0.04399999999999993 0.5334972613749114
-0.041999999999999926 0.5549346780616764
-0.040000000000000036 0.576430771038432
-0.038000000000000034 0.5979741592008916
-0.03600000000000003 0.6195532300896047
-0.03400000000000003 0.6411561580789467
-0.03200000000000003 0.6627709235939674
-0.030000000000000027 0.6843853333021275
-0.028000000000000025 0.7059870412201469
-0.026000000000000023 0.727563570669499
-0.02400000000000002 0.7491023370078106
-0.02200000000000002 0.7705906710573044
-0.020000000000000018 0.7920158431459765
-0.018000000000000016 0.8133650876718709
-0.016000000000000014 0.8346256280964173
-0.014000000000000012 0.8557847022685899
-0.01200000000000001 0.876829587978379
-0.010000000000000009 0.8977476286352334
-0.008000000000000007 0.9185262589652234
-0.006000000000000005 0.9391530306192564
-0.0040000000000000036 0.9596156375842665
-0.0020000000000000018 0.9799019412894592
0.0 0.9999999953007532
0.0020000000000000018 1.019898069498312
0.0040000000000000036 1.0395846736346637
0.006000000000000005 1.0590485801741363
0.008000000000000007 1.0782788463183857
0.010000000000000009 1.0972648351274628
0.01200000000000001 1.1159962356511888
0.014000000000000012 1.1344630819915225
0.016000000000000014 1.152655771223009
0.018000000000000016 1.17056508010538
0.020000000000000018 1.1881821805295594
0.02200000000000002 1.2054986536461543
0.02400000000000002 1.2225065026332107
0.026000000000000023 1.2391981640683125
0.028000000000000025 1.255566517878148
0.030000000000000027 1.2716048958470498
0.03200000000000003 1.2873070886741358
0.03400000000000003 1.3026673515768696
0.03600000000000003 1.3176804084467573
0.038000000000000034 1.332341454570598
0.040000000000000036 1.3466461579381748
0.04200000000000004 1.3605906591642507
0.04400000000000004 1.374171570059423
0.04600000000000004 1.3873859708906353
0.04800000000000004 1.4002314063777637
0.050000000000000044 1.4127058804780135
0.052000000000000046 1.4248078500144792
0.05400000000000005 1.4365362172092988
0.05600000000000005 1.4478903211854526
0.05800000000000005 1.4588699285041566
0.06000000000000005 1.4694752228072228
0.062000000000000055 1.479706793635646
0.06400000000000006 1.4895656244968247
0.06600000000000006 1.4990530802537554
0.06800000000000006 1.5081708939096048
0.07000000000000006 1.516921152860953
0.07200000000000006 1.5253062846921943
0.07400000000000007 1.5333290425825414
0.07600000000000007 1.5409924903954861
0.07800000000000007 1.5482999875187384
0.08000000000000007 1.555255173520503
0.08200000000000007 1.5618619526853983
0.08400000000000007 1.5681244784906772
0.08600000000000008 1.5740471380804946
0.08800000000000008 1.5796345367928037
0.09000000000000008 1.5848914827903287
0.09200000000000008 1.5898229718436556
0.09400000000000008 1.594434172311125
0.09600000000000009 1.5987304103567592
0.09800000000000009 1.6027171554440087
0.10000000000000009 1.60640000613961
0.10200000000000009 1.6097846762585508
0.10400000000000009 1.6128769813776145
0.1060000000000001 1.615682825741914
0.1080000000000001 1.6182081895853961
0.1100000000000001 1.6204591168834275
0.1120000000000001 1.622441703552463
0.1140000000000001 1.6241620861090418
0.1160000000000001 1.6256264307975896
0.1180000000000001 1.6268409231940175
0.1200000000000001 1.6278117582895963
0.12200000000000011 1.6285451310574368
0.12400000000000011 1.6290472275017083
0.1260000000000001 1.629324216187793
0.1280000000000001 1.6293822402498277
0.13000000000000012 1.6292274098703143
0.13200000000000012 1.6288657952251673
0.13400000000000012 1.6283034198859927
0.13600000000000012 1.6275462546704056
0.13800000000000012 1.6266002119299503
0.14000000000000012 1.625471140264397
0.14200000000000013 1.6241648196502814
0.14400000000000013 1.6226869569709337
0.14600000000000013 1.62104318193468
0.14800000000000013 1.6192390433674433
0.15000000000000013 1.6172800058655927
0.15200000000000014 1.6151714467947147
0.15399999999999991 1.6129186536197513
0.15599999999999992 1.6105268215518995
0.15799999999999992 1.6080010514977057
0.15999999999999992 1.6053463482957269
0.16199999999999992 1.6025676192264635
0.16399999999999992 1.5996696727812114
0.16599999999999993 1.596657217675913
0.16799999999999993 1.5935348620962133
0.16999999999999993 1.5903071131603148
0.17199999999999993 1.5869783765865002
0.17399999999999993 1.5835529565525877
0.17599999999999993 1.5800350557349305
0.17799999999999994 1.5764287755149673
0.17999999999999994 1.5727381163417593
0.18199999999999994 1.5689669782392694
0.18399999999999994 1.5651191614477007
0.18599999999999994 1.561198367188449
0.18799999999999994 1.5572081985427708
0.18999999999999995 1.5531521614346726
0.19199999999999995 1.5490336657087804
0.19399999999999995 1.5448560262946496
0.19599999999999995 1.5406224644490136
0.19799999999999995 1.536336109068245
0.19999999999999996 1.531999998063353
0.20199999999999996 1.5276170797904627
0.20399999999999996 1.5231902145299967
0.20599999999999996 1.5187221760081933
0.20799999999999996 1.5142156529548814
0.20999999999999996 1.5096732506919246
0.21199999999999997 1.5050974927469754
0.21399999999999997 1.5004908224876006
0.21599999999999997 1.495855604771103
0.21799999999999997 1.4911941276057807
0.21999999999999997 1.4865086038195792
0.22199999999999998 1.481801172732476
0.22399999999999998 1.4770739018291696
0.22599999999999998 1.4723287884289873
0.22799999999999998 1.4675677613500981
0.22999999999999998 1.4627926825654833
0.23199999999999998 1.4580053488482525
0.23399999999999999 1.4532074934042039
0.236 1.4484007874896487
0.238 1.4435868420127846
0.24 1.4387672091170716
0.242 1.4339433837451663
0.244 1.429116805182201
0.246 1.4242888585773068
0.248 1.419460876442333
0.25 1.4146341401269948
0.252 1.4098098812695479
0.254 1.4049892832224444
0.256 1.400173482452262
0.258 1.3953635699134912
0.26 1.390560592395653
0.262 1.3857655538434572
0.264 1.3809794166496154
0.266 1.3762031029201338
0.268 1.371437495711844
0.27 1.3666834402421004
0.272 1.361941745070516
0.274 1.3572131832528018
0.276 1.3524984934666813
0.278 1.3477983811100687
0.28 1.3431135193715933
0.28200000000000003 1.3384445502737312
0.28400000000000003 1.3337920856888168
0.28600000000000003 1.3291567083282225
0.28800000000000003 1.324538972705082
0.29000000000000004 1.3199394060709682
0.29200000000000004 1.3153585093269513
0.29400000000000004 1.3107967579095368
0.29600000000000004 1.30625460265193
0.29800000000000004 1.3017324706212179
0.30000000000000004 1.297230765931926
0.30200000000000005 1.2927498705365512
0.30400000000000005 1.2882901449935646
0.30600000000000005 1.2838519292134638
0.30800000000000005 1.2794355431833744
0.31000000000000005 1.2750412876707213
0.31200000000000006 1.2706694449064784
0.31400000000000006 1.2663202792484773
0.31600000000000006 1.2619940378252241
0.31800000000000006 1.2576909511606635
0.32000000000000006 1.253411233780318
0.32200000000000006 1.2491550847991895
0.32400000000000007 1.2449226884917963
0.32600000000000007 1.2407142148447319
0.32800000000000007 1.236529820092066
0.33000000000000007 1.2323696472339603
0.3320000000000001 1.22823382653882
0.3340000000000001 1.224122476029335
0.3360000000000001 1.22003570195275
0.3380000000000001 1.2159735992356864
0.3400000000000001 1.2119362519239514
0.3420000000000001 1.2079237336075974
0.3440000000000001 1.2039361078317354
0.3460000000000001 1.1999734284933916
0.3480000000000001 1.1960357402249089
0.3500000000000001 1.192123078764252
0.3520000000000001 1.1882354713126981
0.3540000000000001 1.1843729368803142
0.3560000000000001 1.1805354866196878
0.3580000000000001 1.1767231241483422
0.3600000000000001 1.1729358458602865
0.3620000000000001 1.1691736412270914
0.3640000000000001 1.1654364930889578
0.3660000000000001 1.161724377936096
0.3680000000000001 1.158037266180871
0.3700000000000001 1.1543751224209822
0.3720000000000001 1.1507379056940332
0.3740000000000001 1.1471255697237883
0.3760000000000001 1.1435380631583447
0.3780000000000001 1.1399753298004596
0.3800000000000001 1.1364373088302573
0.3820000000000001 1.1329239350204787
0.3840000000000001 1.1294351389444184
0.3860000000000001 1.1259708471767176
0.3880000000000001 1.1225309824871281
0.3900000000000001 1.1191154640273766
0.3920000000000001 1.115724207511235
0.39400000000000013 1.1123571253879432
0.39600000000000013 1.1090141270090712
0.39800000000000013 1.1056951187890338
0.40000000000000013 1.102400004359312
0.40200000000000014 1.0991286847166384
0.40400000000000014 1.0958810583652847
0.40600000000000014 1.092657021453654
0.4079999999999999 1.0894564679054357
0.4099999999999999 1.0862792895454956
0.4119999999999999 1.0831253762208044
0.4139999999999999 1.0799946159166225
0.4159999999999999 1.076886894868202
0.4179999999999999 1.073802097668279
0.41999999999999993 1.0707401073705713
0.42199999999999993 1.0677008055895547
0.42399999999999993 1.0646840725967153
0.42599999999999993 1.0616897874134847
0.42799999999999994 1.0587178279010456
0.42999999999999994 1.055768070847136
0.43199999999999994 1.0528403920500151
0.43399999999999994 1.0499346663996436
0.43599999999999994 1.0470507679561873
0.43799999999999994 1.0441885700258606
0.43999999999999995 1.0413479452341459
0.44199999999999995 1.0385287655963873
0.44399999999999995 1.035730902585764
0.44599999999999995 1.0329542271985983
0.44799999999999995 1.0301986100170046
0.44999999999999996 1.0274639212688441
0.45199999999999996 1.0247500308849844
0.45399999999999996 1.0220568085538693
0.45599999999999996 1.019384123773402
0.45799999999999996 1.0167318459002033
0.45999999999999996 1.0140998441963083
0.46199999999999997 1.0114879878733627
0.46399999999999997 1.0088961461344503
0.46599999999999997 1.0063241882136795
0.46799999999999997 1.003771983413677
0.47 1.0012394011411476
0.472 0.9987263109406634
0.474 0.996232582526895
0.476 0.9937580858154118
0.478 0.9913026909522686
0.48 0.988866268342479
0.482 0.9864486886775649
0.484 0.984049822962255
0.486 0.981669542540441
0.488 0.9793077191204221
0.49 0.9769642247995163
0.492 0.9746389320879598
0.494 0.9723317139321587
0.496 0.9700424437371534
0.498 0.9677709953882886
0.5 0.9655172432719707
0.502 0.9632810622954441
0.504 0.9610623279054668
0.506 0.9588609161058376
0.508 0.9566767034736637
0.51 0.954509567174346
0.512 0.9523593849752328
0.514 0.9502260352579535
0.516 0.948109397029434
0.518 0.9460093499316832
0.52 0.943925774250399
0.522 0.9418585509225401
0.524 0.9398075615429511
0.526 0.9377726883702441
0.528 0.9357538143320379
0.53 0.9337508230297669
0.532 0.9317635987431736
0.534 0.9297920264346672
0.536 0.9278359917536325
0.538 0.9258953810408324
0.54 0.9239700813329256
0.542 0.922059980367197
0.544 0.9201649665864317
0.546 0.9182849291439663
0.548 0.9164197579087969
0.55 0.9145693434707025
0.552 0.9127335771452221
0.554 0.9109123509783882
0.556 0.9091055577510562
0.558 0.90731309098272
0.56 0.9055348449346525
0.562 0.9037707146122859
0.5640000000000001 0.9020205957667444
0.5660000000000001 0.9002843848954734
0.5680000000000001 0.8985619792419411
0.5700000000000001 0.8968532767944642
0.5720000000000001 0.8951581762841674
0.5740000000000001 0.8934765771822181
0.5760000000000001 0.8918083796964391
0.5780000000000001 0.8901534847674611
0.5800000000000001 0.8885117940645687
0.5820000000000001 0.8868832099814468
0.5840000000000001 0.8852676356319678
0.5860000000000001 0.8836649748462172
0.5880000000000001 0.8820751321668745
0.5900000000000001 0.8804980128460872
0.5920000000000001 0.8789335228428776
0.5940000000000001 0.8773815688211772
0.5960000000000001 0.8758420581484051
0.5980000000000001 0.8743148988946035
0.6000000000000001 0.8727999998319924
0.6020000000000001 0.8712972704348408
0.6040000000000001 0.8698066208794634
0.6060000000000001 0.8683279620442008
0.6080000000000001 0.8668612055091792
0.6100000000000001 0.8654062635556523
0.6120000000000001 0.8639630491648039
0.6140000000000001 0.8625314760158204
0.6160000000000001 0.8611114584831716
0.6180000000000001 0.8597029116330234
0.6200000000000001 0.8583057512187642
0.6220000000000001 0.856919893675726
0.6240000000000001 0.8555452561151401
0.6260000000000001 0.8541817563175008
0.6280000000000001 0.8528293127255188
0.6300000000000001 0.8514878444368318
0.6320000000000001 0.8501572711967248
0.6340000000000001 0.8488375133910698
0.6360000000000001 0.8475284920396805
0.6380000000000001 0.8462301287902932
0.6400000000000001 0.8449423459132763
0.6420000000000001 0.8436650662971966
0.6440000000000001 0.8423982134452619
0.6460000000000001 0.8411417114726123
0.6480000000000001 0.8398954851043948
0.6500000000000001 0.8386594596744568
0.6520000000000001 0.8374335611244849
0.6540000000000001 0.8362177160033795
0.6560000000000001 0.8350118514665772
0.6580000000000001 0.833815895275116
0.6600000000000001 0.8326297757941922
0.6620000000000001 0.8314534219909714
0.6640000000000001 0.8302867634315432
0.6659999999999999 0.8291297302768665
0.6679999999999999 0.8279822532776897
0.6699999999999999 0.8268442637684864
0.6719999999999999 0.8257156936604855
0.6739999999999999 0.8245964754340016
0.6759999999999999 0.8234865421302614
0.6779999999999999 0.82238582734302
0.6799999999999999 0.821294265210261
0.6819999999999999 0.8202117904062414
0.6839999999999999 0.819138338134213
0.6859999999999999 0.818073844120016
0.688 0.817018244606736
0.69 0.8159714763505295
0.692 0.8149334766176445
0.694 0.813904183182555
0.696 0.8128835343270637
0.698 0.8118714688401409
0.7 0.8108679260182121
0.702 0.8098728456655296
0.704 0.8088861680943324
0.706 0.8079078341243844
0.708 0.8069377850816463
0.71 0.8059759627958047
0.712 0.8050223095964977
0.714 0.8040767683082084
0.716 0.8031392822438447
0.718 0.8022097951971784
0.72 0.8012882514344101
0.722 0.8003745956851749
0.724 0.799468773133423
0.726 0.7985707294085593
0.728 0.7976804105773031
0.73 0.7967977631366112
0.732 0.7959227340079759
0.734 0.7950552705333052
0.736 0.7941953204724317
0.738 0.79334283200221
0.74 0.7924977537169688
0.742 0.7916600346300433
0.744 0.7908296241758808
0.746 0.7900064722123034
0.748 0.7891905290223497
0.75 0.7883817453152059
0.752 0.7875800722257988
0.754 0.7867854613126952
0.756 0.7859978645541235
0.758 0.7852172343421153
0.76 0.7844435234748888
0.762 0.7836766851478201
0.764 0.7829166729434729
0.766 0.7821634408212637
0.768 0.7814169431074239
0.77 0.7806771344858923
0.772 0.7799439699907346
0.774 0.7792174050005639
0.776 0.7784973952352442
0.778 0.7777838967549738
0.78 0.7770768659615913
0.782 0.7763762596017442
0.784 0.7756820347713286
0.786 0.7749941489204882
0.788 0.7743125598583197
0.79 0.7736372257565013
0.792 0.7729681051510588
0.794 0.7723051569416874
0.796 0.7716483403882989
0.798 0.7709976151046777
0.8 0.7703529410495397
0.802 0.7697142785154866
0.804 0.7690815881166868
0.806 0.7684548307762675
0.808 0.7678339677144937
0.81 0.7672189604387809
0.812 0.7666097707364535
0.8140000000000001 0.7660063606708806
0.8160000000000001 0.7654086925812651
0.8180000000000001 0.7648167290859768
0.8200000000000001 0.7642304330888512
0.8220000000000001 0.763649767787531
0.8240000000000001 0.7630746966826034
0.8260000000000001 0.7625051835861267
0.8280000000000001 0.7619411926281193
0.8300000000000001 0.7613826882597697
0.8320000000000001 0.7608296352524642
0.8340000000000001 0.7602819986921808
0.8360000000000001 0.7597397439694197
0.8380000000000001 0.7592028367653857
0.8400000000000001 0.758671243035727
0.8420000000000001 0.7581449289935117
0.8440000000000001 0.7576238610933892
0.8460000000000001 0.7571080060188261
0.8480000000000001 0.7565973306740258
0.8500000000000001 0.7560918021816144
0.8520000000000001 0.7555913878864408
0.8540000000000001 0.7550960553649806
0.8560000000000001 0.7546057724389839
0.8580000000000001 0.7541205071913
0.8600000000000001 0.7536402279813207
0.8620000000000001 0.7531649034573226
0.8640000000000001 0.7526945025632932
0.8660000000000001 0.7522289945384261
0.8680000000000001 0.7517683489085369
0.8700000000000001 0.7513125354698152
0.8720000000000001 0.7508615242666683
0.8740000000000001 0.7504152855664692
0.8760000000000001 0.7499737898348612
0.8780000000000001 0.7495370077154445
0.8800000000000001 0.7491049100173324
0.8820000000000001 0.7486774677129971
0.8840000000000001 0.7482546519472537
0.8860000000000001 0.7478364340563177
0.8880000000000001 0.7474227855939335
0.8900000000000001 0.7470136783599571
0.8920000000000001 0.7466090844258352
0.8940000000000001 0.7462089761514419
0.8960000000000001 0.7458133261888164
0.8980000000000001 0.7454221074704487
0.9000000000000001 0.7450352931826637
0.9020000000000001 0.744652856727736
0.9040000000000001 0.7442747716812164
0.9060000000000001 0.7439010117527274
0.9080000000000001 0.7435315507587664
0.9100000000000001 0.7431663626144527
0.9120000000000001 0.7428054213477511
0.9140000000000001 0.7424487011349463
0.9160000000000001 0.7420961763509445
0.9180000000000001 0.7417478216234797
0.9199999999999999 0.7414036118777801
0.9219999999999999 0.7410635223587289
0.9239999999999999 0.7407275286214273
0.9259999999999999 0.7403956064881381
0.9279999999999999 0.7400677319784436
0.9299999999999999 0.7397438812281136
0.9319999999999999 0.7394240304180254
0.9339999999999999 0.7391081557352538
0.9359999999999999 0.7387962333825585
0.938 0.7384882396403581
0.94 0.7381841509690209
0.942 0.7378839441235113
0.944 0.737587596242385
0.946 0.7372950848742436
0.948 0.7370063879196918
0.95 0.7367214834941619
0.952 0.73644034974962
0.954 0.7361629647196821
0.956 0.7358893062592494
0.958 0.7356193521267522
0.96 0.7353530802038948
0.962 0.7350904687787652
0.964 0.7348314967622475
0.966 0.7345761437007676
0.968 0.7343243895171218
0.97 0.7340762140507485
0.972 0.7338315966265281
0.974 0.7335905159585673
0.976 0.7333529505875782
0.978 0.7331188797230419
0.98 0.7328882839427364
0.982 0.7326611450171551
0.984 0.7324374445661529
0.986 0.7322171624024381
0.988 0.7320002765217389
0.99 0.7317867660360562
0.992 0.7315766145234279
0.994 0.7313698070409423
0.996 0.7311663203830997
0.998 0.7309661308623554
