-1.0 -0.6538461538461539
-0.998 -1.0167886755348702E15
-0.996 -1.181275371710404E15
-0.994 -1.00566748587221E15
-0.992 -7.39741623684841E14
-0.99 -4.917533178410346E14
-0.988 -2.9848480229834175E14
-0.986 -1.6349876383723338E14
-0.984 -7.710062250313106E13
-0.982 -2.6507656228921953E13
-0.98 -0.6529202718912436
-0.978 1.1569321714475373E13
-0.976 1.4675417686906656E13
-0.974 1.3550415144058412E13
-0.972 1.0746554802105771E13
-0.97 7.66270788474964E12
-0.968 4.9663516040376E12
-0.966 2.893359227007695E12
-0.964 1.4462242468269746E12
-0.962 5.2537656594279944E11
-0.96 -0.6521584026622296
-0.958 -2.5398578311712366E11
-0.956 -3.37907593622453E11
-0.954 -3.2655586666101373E11
-0.952 -2.704867547924298E11
-0.95 -2.0109972722122476E11
-0.948 -1.357280610891627E11
-0.946 -8.22007760506266E10
-0.944 -4.265334103932534E10
-0.942 -1.6066496119978655E10
-0.94 -0.6515665656128193
-0.938 8.32057734907481E9
-0.9359999999999999 1.143906659936057E10
-0.9339999999999999 1.1412360082078129E10
-0.9319999999999999 9.751335991464577E9
-0.9299999999999999 7.47111739913067E9
-0.9279999999999999 5.1918478246070595E9
-0.926 3.234934055587117E9
-0.924 1.7257483519563243E9
-0.922 6.678904845776255E8
-0.92 -0.6511509025270759
-0.918 -3.6444372517731965E8
-0.916 -5.138421148495851E8
-0.914 -5.2538264322759706E8
-0.912 -4.5985232018337524E8
-0.91 -3.6077120481456167E8
-0.908 -2.5653798949809796E8
-0.906 -1.634891392205447E8
-0.904 -8.9176867987268E7
-0.902 -3.526869611184455E7
-0.9 -0.6509176470588236
-0.898 2.0074852168254018E7
-0.896 2.8892998269108027E7
-0.894 3.014620561698515E7
-0.892 2.6911829608898096E7
-0.89 2.15294045582459E7
-0.888 1.560337751149202E7
-0.886 1.0133317103923578E7
-0.884 5630784.917433453
-0.882 2267910.281898384
-0.88 -0.6508730844793713
-0.878 -1337582.038818081
-0.876 -1958685.27826024
-0.874 -2079006.1013143545
-0.872 -1887601.8323890197
-0.87 -1535210.798537064
-0.868 -1131122.4227183573
-0.866 -746632.5921365924
-0.864 -421548.0771984079
-0.862 -172454.43191299218
-0.86 -0.6510234992303746
-0.858 104901.41334623983
-0.856 155981.03535478577
-0.854 168030.8782672556
-0.852 154833.41473707277
-0.85 127774.55278483542
-0.848 95525.69905485875
-0.846 63942.59378473025
-0.844 36610.02548457897
-0.842 15187.045362328487
-0.84 -0.6513751072961375
-0.838 -9494.346790983269
-0.836 -14307.62260152519
-0.834 -15618.83708905749
-0.832 -14581.914472231267
-0.83 -12192.097858323645
-0.828 -9231.29178961906
-0.826 -6259.225942959619
-0.8240000000000001 -3629.1914687888125
-0.8220000000000001 -1525.0502674551315
-0.8200000000000001 -0.6519339696799551
-0.8180000000000001 975.8649113313646
-0.8160000000000001 1488.8334077997436
-0.8140000000000001 1645.1042607092231
-0.812 1554.1250371964977
-0.81 1314.7285259507833
-0.808 1006.8144535519344
-0.806 690.3831544847177
-0.804 404.63789859943944
-0.802 171.53497491079537
-0.8 -0.652705882352941
-0.798 -113.46022561138184
-0.796 -174.6109702419273
-0.794 -194.95942824770214
-0.792 -186.21489614446767
-0.79 -159.33031134914
-0.788 -123.51467053177424
-0.786 -85.81479860034335
-0.784 -51.13684518104188
-0.782 -22.322725468957472
-0.78 -0.6536962368908082
-0.778 13.83629949448415
-0.776 21.919887949386602
-0.774 24.817215550230333
-0.772 23.91766626680684
-0.77 20.5656297346046
-0.768 15.93823794470289
-0.766 10.960656563610305
-0.764 6.296263973222203
-0.762 2.3583039722060377
-0.76 -0.6549098445595855
-0.758 -2.7089406421577706
-0.756 -3.8844491760204356
-0.754 -4.333876815729962
-0.752 -4.237456073963769
-0.75 -3.777565523722336
-0.748 -3.1193302569455463
-0.746 -2.3963211096430097
-0.744 -1.7072441520553756
-0.742 -1.1158813446832152
-0.74 -0.6563507147719537
-0.738 -0.33750198452917013
-0.736 -0.15057441948464897
-0.734 -0.07530008665930361
-0.732 -0.08581527027157827
-0.73 -0.15495367454190698
-0.728 -0.2576238558711718
-0.726 -0.37267525116043954
-0.724 -0.4842019305997348
-0.722 -0.581333649359102
-0.72 -0.658021776504298
-0.718 -0.7121892549444797
-0.716 -0.7447578897383114
-0.714 -0.7586364348888933
-0.712 -0.7578585520922407
-0.71 -0.7467949998414113
-0.708 -0.7296224858655361
-0.706 -0.709962904285883
-0.704 -0.6906135473331376
-0.702 -0.6735462606087725
-0.7 -0.6599245283018869
-0.698 -0.6502177203787606
-0.696 -0.6443562183921638
-0.694 -0.6418838538496577
-0.692 -0.6421309559152208
-0.69 -0.6443293164124843
-0.688 -0.6477261073545172
-0.6859999999999999 -0.6516588774788252
-0.6839999999999999 -0.6555906627172066
-0.6819999999999999 -0.6591365807416038
-0.6799999999999999 -0.6620585987261145
-0.6779999999999999 -0.6642486000008194
-0.6759999999999999 -0.665703306088369
-0.6739999999999999 -0.6664966818482851
-0.6719999999999999 -0.6667497607266745
-0.6699999999999999 -0.6666077665241286
-0.6679999999999999 -0.6662150809901499
-0.6659999999999999 -0.6657056483807986
-0.6639999999999999 -0.6651876650872702
-0.6619999999999999 -0.6647419824242065
-0.6599999999999999 -0.6644211942809084
-0.6579999999999999 -0.6642510535403412
-0.6559999999999999 -0.6642355407177813
-0.6539999999999999 -0.6643620735305203
-0.6519999999999999 -0.6646070713457227
-0.6499999999999999 -0.6649416071511511
-0.648 -0.6653350674872871
-0.646 -0.6657593099844334
-0.644 -0.666190414661907
-0.642 -0.6666101824845365
-0.64 -0.6670064056939502
-0.638 -0.667372582658305
-0.636 -0.6677071200744843
-0.634 -0.6680121853526377
-0.632 -0.668292599776362
-0.63 -0.66855460657374
-0.628 -0.6688050194179682
-0.626 -0.6690502390927385
-0.624 -0.6692958604563035
-0.622 -0.6695462228308914
-0.62 -0.6698043355325164
-0.618 -0.6700718854357567
-0.616 -0.6703494088937149
-0.614 -0.6706364966029366
-0.612 -0.6709320784395594
-0.61 -0.671234692907476
-0.608 -0.6715427058157768
-0.606 -0.6718545087807534
-0.604 -0.6721687024981323
-0.602 -0.67248413878546
-0.6 -0.6728
-0.598 -0.6731157872667439
-0.596 -0.6734312955642021
-0.594 -0.6737465590189314
-0.592 -0.6740617925317808
-0.59 -0.6743773236828607
-0.588 -0.674693530671158
-0.586 -0.6750107927091374
-0.584 -0.675329448306929
-0.5820000000000001 -0.675649769205004
-0.5800000000000001 -0.6759719447396386
-0.5780000000000001 -0.6762960796218361
-0.5760000000000001 -0.6766221983630651
-0.5740000000000001 -0.6769502586507862
-0.5720000000000001 -0.6772801645656275
-0.5700000000000001 -0.6776117868643787
-0.5680000000000001 -0.6779449758075157
-0.5660000000000001 -0.6782795787359966
-0.5640000000000001 -0.6786154502367535
-0.562 -0.6789524596579228
-0.56 -0.6792904977375567
-0.558 -0.6796294764591406
-0.556 -0.6799693291018593
-0.554 -0.680310006876407
-0.552 -0.6806514753032222
-0.55 -0.6809937089375168
-0.548 -0.681336686617652
-0.546 -0.6816803879362039
-0.544 -0.6820247887666762
-0.542 -0.68236985895347
-0.54 -0.6827155609167672
-0.538 -0.6830618484911577
-0.536 -0.6834086672203412
-0.534 -0.6837559548790839
-0.532 -0.6841036426915136
-0.53 -0.6844516565480795
-0.528 -0.6847999183833747
-0.526 -0.6851483476558116
-0.524 -0.6854968620787566
-0.522 -0.6858453787254366
-0.52 -0.6861938144329897
-0.518 -0.6865420860960001
-0.516 -0.6868901106263064
-0.514 -0.6872378047245443
-0.512 -0.6875850844895306
-0.51 -0.6879318650373113
-0.508 -0.6882780598666558
-0.506 -0.6886235804620359
-0.504 -0.6889683358303708
-0.502 -0.6893122321289268
-0.5 -0.6896551724137931
-0.498 -0.6899970564502692
-0.496 -0.6903377806190607
-0.494 -0.6906772378908732
-0.492 -0.6910153178680346
-0.49 -0.6913519068285384
-0.488 -0.6916868878257068
-0.486 -0.6920201407644374
-0.484 -0.6923515424506979
-0.482 -0.6926809666372188
-0.48 -0.6930082840236687
-0.478 -0.6933333622314245
-0.476 -0.6936560657383163
-0.474 -0.6939762557940867
-0.472 -0.6942937902924549
-0.47 -0.6946085236613597
-0.46799999999999997 -0.6949203067028683
-0.46599999999999997 -0.6952289864647312
-0.46399999999999997 -0.6955344060906018
-0.46199999999999997 -0.6958364046811681
-0.45999999999999996 -0.6961348171701113
-0.45799999999999996 -0.696429474201781
-0.45599999999999996 -0.6967202020196743
-0.45399999999999996 -0.6970068223642711
-0.45199999999999996 -0.6972891523748388
-0.44999999999999996 -0.6975670044959269
-0.44799999999999995 -0.6978401863830734
-0.44599999999999995 -0.6981085008130311
-0.44399999999999995 -0.6983717455793357
-0.44199999999999995 -0.6986297133956609
-0.43999999999999995 -0.6988821917808219
-0.43799999999999994 -0.6991289629456119
-0.43599999999999994 -0.6993698036661951
-0.43399999999999994 -0.6996044851543664
-0.43199999999999994 -0.6998327729173747
-0.42999999999999994 -0.7000544266160381
-0.42799999999999994 -0.7002691999132568
-0.42599999999999993 -0.7004768403233603
-0.42399999999999993 -0.7006770890527808
-0.42200000000000004 -0.700869680843115
-0.42000000000000004 -0.7010543438077633
-0.41800000000000004 -0.7012307992693135
-0.41600000000000004 -0.7013987615935263
-0.41400000000000003 -0.70155793802158
-0.41200000000000003 -0.7017080285002245
-0.41000000000000003 -0.7018487255083518
-0.40800000000000003 -0.7019797138813877
-0.406 -0.7021006706309789
-0.404 -0.7022112647608344
-0.402 -0.702311157078181
-0.4 -0.7023999999999999
-0.398 -0.7024774373541302
-0.396 -0.7025431041750534
-0.394 -0.7025966264941814
-0.392 -0.7026376211248709
-0.39 -0.7026656954417383
-0.388 -0.7026804471544544
-0.386 -0.7026814640770361
-0.384 -0.7026683238909787
-0.382 -0.7026405939038781
-0.38 -0.7025978308026032
-0.378 -0.7025395804014952
-0.376 -0.7024653773854208
-0.374 -0.7023747450475265
-0.372 -0.7022671950216594
-0.37 -0.7021422270094224
-0.368 -0.7019993285014503
-0.366 -0.7018379744930572
-0.364 -0.7016576271939284
-0.362 -0.701457735731634
-0.36 -0.7012377358490565
-0.358 -0.7009970495954554
-0.356 -0.7007350850110897
-0.354 -0.7004512358053375
-0.352 -0.7001448810283092
-0.35 -0.6998153847359074
-0.348 -0.6994620956481505
-0.346 -0.6990843468010264
-0.344 -0.698681455191708
-0.34199999999999997 -0.6982527214171066
-0.33999999999999997 -0.6977974293059125
-0.33799999999999997 -0.6973148455440071
-0.33599999999999997 -0.6968042192933404
-0.33399999999999996 -0.6962647818042166
-0.33199999999999996 -0.6956957460210806
-0.32999999999999996 -0.6950963061817511
-0.32799999999999996 -0.6944656374101401
-0.32599999999999996 -0.6938028953025943
-0.32399999999999995 -0.6931072155076955
-0.32199999999999995 -0.6923777132997591
-0.31999999999999995 -0.6916134831460673
-0.31799999999999995 -0.6908135982678637
-0.31599999999999995 -0.6899771101953162
-0.31399999999999995 -0.6891030483165254
-0.31199999999999994 -0.6881904194207695
-0.30999999999999994 -0.6872382072362213
-0.30799999999999994 -0.6862453719622872
-0.30599999999999994 -0.6852108497968006
-0.30399999999999994 -0.684133552458517
-0.30199999999999994 -0.6830123667049595
-0.29999999999999993 -0.6818461538461538
-0.29799999999999993 -0.6806337492545272
-0.29600000000000004 -0.6793739618713828
-0.29400000000000004 -0.6780655737103681
-0.29200000000000004 -0.6767073393584475
-0.29000000000000004 -0.6752979854748233
-0.28800000000000003 -0.6738362102883958
-0.28600000000000003 -0.6723206830943197
-0.28400000000000003 -0.6707500437503191
-0.28200000000000003 -0.6691229021734144
-0.28 -0.667437837837838
-0.278 -0.6656933992748799
-0.276 -0.6638881035755732
-0.274 -0.662020435897087
-0.272 -0.6600888489738466
-0.27 -0.6580917626344115
-0.268 -0.6560275633252269
-0.266 -0.653894603642506
-0.264 -0.6516912018734238
-0.262 -0.6494156415480983
-0.26 -0.6470661710037173
-0.258 -0.6446410029623977
-0.256 -0.6421383141243986
-0.254 -0.6395562447784074
-0.252 -0.6368928984307406
-0.25 -0.6341463414553934
-0.248 -0.6313146027669674
-0.246 -0.6283956735186562
-0.244 -0.6253875068275494
-0.242 -0.6222880175296638
-0.24 -0.6190950819672131
-0.238 -0.6158065378107926
-0.236 -0.6124201839192539
-0.23399999999999999 -0.6089337802402072
-0.23199999999999998 -0.6053450477542365
-0.22999999999999998 -0.6016516684660282
-0.22799999999999998 -0.5978512854458125
-0.22599999999999998 -0.5939415029246206
-0.22399999999999998 -0.5899198864470726
-0.22199999999999998 -0.5857839630855022
-0.21999999999999997 -0.5815312217194568
-0.21799999999999997 -0.5771591133847331
-0.21599999999999997 -0.572665051696267
-0.21399999999999997 -0.5680464133494131
-0.21199999999999997 -0.5633005387042342
-0.20999999999999996 -0.5584247324576793
-0.20799999999999996 -0.5534162644086149
-0.20599999999999996 -0.5482723703208701
-0.20399999999999996 -0.5429902528896404
-0.20199999999999996 -0.5375670828166914
-0.19999999999999996 -0.5319999999999999
-0.19799999999999995 -0.5262861148436128
-0.19599999999999995 -0.5204225096936086
-0.19399999999999995 -0.5144062404062142
-0.19199999999999995 -0.5082343380542192
-0.18999999999999995 -0.5019038107779401
-0.18799999999999994 -0.4954116457871073
-0.18599999999999994 -0.48875481152005584
-0.18399999999999994 -0.4819302599667567
-0.18199999999999994 -0.47493492916214813
-0.17999999999999994 -0.46776574585635344
-0.17799999999999994 -0.4604196283682682
-0.17599999999999993 -0.4528934896290331
-0.17399999999999993 -0.445184240421781
-0.17199999999999993 -0.43728879282400246
-0.16999999999999993 -0.42920406385868876
-0.16799999999999993 -0.42092697936026974
-0.16600000000000004 -0.4124544780611277
-0.16400000000000003 -0.403783515904213
-0.16200000000000003 -0.39491107058697555
-0.16000000000000003 -0.3858341463414636
-0.15800000000000003 -0.3765497789550213
-0.15600000000000003 -0.36705504103553915
-0.15400000000000003 -0.3573470475246886
-0.15200000000000002 -0.3474229614619422
-0.15000000000000002 -0.3372800000015355
-0.14800000000000002 -0.32691544068377343
-0.14600000000000002 -0.3163266279612615
-0.14400000000000002 -0.3055109799797676
-0.14200000000000002 -0.2944659956124267
-0.14 -0.2831892617449665
-0.138 -0.2716784608084737
-0.136 -0.2599313785550269
-0.134 -0.2479459120701864
-0.132 -0.23572007801496292
-0.13 -0.223252021088397
-0.128 -0.2105400227003258
-0.126 -0.19758250984226527
-0.124 -0.18437806414262792
-0.122 -0.17092543109067584
-0.12 -0.15722352941176473
-0.118 -0.14327146057448087
-0.11599999999999999 -0.12906851840829658
-0.11399999999999999 -0.11461419880831455
-0.11199999999999999 -0.09990820950159934
-0.10999999999999999 -0.08495047984747255
-0.10799999999999998 -0.06974117064202222
-0.10599999999999998 -0.05428068389493732
-0.10399999999999998 -0.038569672544652454
-0.10199999999999998 -0.022609050075686643
-0.09999999999999998 -0.006399999999999828
-0.09799999999999998 0.010056014837800045
-0.09599999999999997 0.02675724317348921
-0.09399999999999997 0.04370163649839401
-0.09199999999999997 0.060886840542276596
-0.08999999999999997 0.07831018711106144
-0.08799999999999997 0.09596868632789739
-0.08599999999999997 0.11385901932721282
-0.08399999999999996 0.13197753145237992
-0.08199999999999996 0.15032022600830278
-0.07999999999999996 0.16888275862069002
-0.07799999999999996 0.18766043225389598
-0.07599999999999996 0.2066481929390645
-0.07399999999999995 0.22584062626376794
-0.07199999999999995 0.24523195467348366
-0.06999999999999995 0.2648160356339779
-0.06799999999999995 0.2845863607020418
-0.06599999999999995 0.3045360555499404
-0.06399999999999995 0.3246578809865033
-0.061999999999999944 0.34494423501482774
-0.05999999999999994 0.3653871559633034
-0.05799999999999994 0.3859783267228491
-0.05599999999999994 0.40670908011911133
-0.05399999999999994 0.4275704054437588
-0.051999999999999935 0.44855295616401797
-0.04999999999999993 0.4696470588242162
-0.04799999999999993 0.49084272314739497
-0.04599999999999993 0.512129653338944
-0.04399999999999993 0.533497260587956
-0.041999999999999926 0.5549346767553053
-0.040000000000000036 0.5764307692307689
-0.038000000000000034 0.597974156934459
-0.03600000000000003 0.6195532274308504
-0.03400000000000003 0.6411561551165994
-0.03200000000000003 0.6627709204362157
-0.030000000000000027 0.6843853300727221
-0.028000000000000025 0.7059870380535477
-0.026000000000000023 0.7275635677052732
-0.02400000000000002 0.7491023343844985
-0.02200000000000002 0.7705906689060468
-0.020000000000000018 0.7920158415841582
-0.018000000000000016 0.8133650867971293
-0.016000000000000014 0.8346256279812709
-0.014000000000000012 0.8557847029559944
-0.01200000000000001 0.8768295894784373
-0.010000000000000009 0.8977476309232748
-0.008000000000000007 0.9185262619813802
-0.006000000000000005 0.9391530342696216
-0.0040000000000000036 0.9596156417436367
-0.0020000000000000018 0.9799019458055952
0.0 1.0
0.0020000000000000018 1.0198980741924057
0.0040000000000000036 1.039584678128421
0.006000000000000005 1.0590485842737034
0.008000000000000007 1.0782788498397298
0.010000000000000009 1.0972648379046874
0.01200000000000001 1.115996237544318
0.014000000000000012 1.1344630828933802
0.016000000000000014 1.152655771064865
0.018000000000000016 1.170565078861058
0.020000000000000018 1.188182178217822
0.02200000000000002 1.2054986503311598
0.02400000000000002 1.2225064984230247
0.026000000000000023 1.2391981591114503
0.028000000000000025 1.2555665123582873
0.030000000000000027 1.2716048899760746
0.03200000000000003 1.287307082683803
0.03400000000000003 1.3026673457094307
0.03600000000000003 1.3176804029449
0.038000000000000034 1.33234144966718
0.040000000000000036 1.3466461538461543
0.04200000000000004 1.3605906560672698
0.04400000000000004 1.3741715681034785
0.04600000000000004 1.3873859701771938
0.04800000000000004 1.40023140695867
0.050000000000000044 1.4127058823524377
0.052000000000000046 1.4248078531280335
0.05400000000000005 1.4365362214554616
0.05600000000000005 1.4478903264092013
0.05800000000000005 1.4588699345077336
0.06000000000000005 1.4694752293577984
0.062000000000000055 1.4797068004745648
0.06400000000000006 1.4895656313500758
0.06600000000000006 1.4990530868432197
0.06800000000000006 1.5081708999646193
0.07000000000000006 1.5169211581296727
0.07200000000000006 1.525306288952314
0.07400000000000007 1.533329045650855
0.07600000000000007 1.540992492135908
0.07800000000000007 1.5482999878484318
0.08000000000000007 1.5552551724137933
0.08200000000000007 1.561861950175348
0.08400000000000007 1.5681244746681926
0.08600000000000008 1.5740471330910029
0.08800000000000008 1.579634530830631
0.09000000000000008 1.5848914760909845
0.09200000000000008 1.589822964674342
0.09400000000000008 1.594434164959877
0.09600000000000009 1.5987304031206466
0.09800000000000009 1.602717148616895
0.10000000000000009 1.6064
0.10200000000000009 1.6097846710580042
0.10400000000000009 1.6128769773302651
0.1060000000000001 1.6156828230154687
0.1080000000000001 1.6182081882940607
0.1100000000000001 1.6204591170830325
0.1120000000000001 1.6224417052379903
0.1140000000000001 1.6241620892146842
0.1160000000000001 1.6256264351993364
0.1180000000000001 1.6268409287146413
0.1200000000000001 1.6278117647058823
0.12200000000000011 1.6285451381093141
0.12400000000000011 1.629047234902912
0.1260000000000001 1.6293242236376477
0.1280000000000001 1.629382247445605
0.13000000000000012 1.6292274165197074
0.13200000000000012 1.628865801058309
0.13400000000000012 1.6283034246665784
0.13600000000000012 1.627546258205389
0.13800000000000012 1.6266002140774798
0.14000000000000012 1.625471140939597
0.14200000000000013 1.6241648188286943
0.14400000000000013 1.6226869546894491
0.14600000000000013 1.6210431782899353
0.14800000000000013 1.6192390385117357
0.15000000000000013 1.6172800000005183
0.15200000000000014 1.6151714401627661
0.15399999999999991 1.6129186464942356
0.15599999999999992 1.6105268142256246
0.15799999999999992 1.608001044270833
0.15999999999999992 1.6053463414634148
0.16199999999999992 1.6025676130666773
0.16399999999999992 1.5996696675433377
0.16599999999999993 1.5966572135705301
0.16799999999999993 1.5935348592865475
0.16999999999999993 1.5903071117556344
0.17199999999999993 1.5869783766378003
0.17399999999999993 1.583552958050678
0.17599999999999993 1.5800350586110472
0.17799999999999994 1.5764287796438272
0.17999999999999994 1.5727381215469616
0.18199999999999994 1.568966984300804
0.18399999999999994 1.5651191681112322
0.18599999999999994 1.5611983741759914
0.18799999999999994 1.5572082055643228
0.18999999999999995 1.553152168200269
0.19199999999999995 1.5490336719405553
0.19399999999999995 1.5448560317382793
0.19599999999999995 1.5406224688842107
0.19799999999999995 1.5363361123177202
0.19999999999999996 1.5320000000000003
0.20199999999999996 1.5276170803423976
0.20399999999999996 1.5231902136832915
0.20599999999999996 1.51872217380715
0.20799999999999996 1.5142156494999084
0.20999999999999996 1.5096732461350588
0.21199999999999997 1.5050974872852796
0.21399999999999997 1.5004908163546877
0.21599999999999997 1.4958555982271993
0.21799999999999997 1.4911941209266883
0.21999999999999997 1.4865085972850678
0.22199999999999998 1.4818011666145288
0.22399999999999998 1.4770738963806538
0.22599999999999998 1.4723287838731285
0.22799999999999998 1.467567757871292
0.22999999999999998 1.462792680301757
0.23199999999999998 1.4580053478857211
0.23399999999999999 1.4532074937737316
0.236 1.4484007891658586
0.238 1.4435868449154374
0.24 1.4387672131147542
0.242 1.4339433886611155
0.244 1.4291168108020351
0.246 1.4242888646582805
0.248 1.419460882723782
0.25 1.4146341463414596
0.252 1.4098098871541644
0.254 1.4049892885300728
0.256 1.4001734869618983
0.258 1.3953635734395102
0.26 1.3905605947955388
0.262 1.3857655550236196
0.264 1.380979416569133
0.266 1.376203101592199
0.268 1.3714374932029267
0.27 1.3666834366687828
0.272 1.361941740594255
0.274 1.3572131780727255
0.276 1.352498487810861
0.278 1.3477983752255063
0.28 1.3431135135135137
0.28200000000000003 1.3384445446945086
0.28400000000000003 1.3337920806270953
0.28600000000000003 1.3291567039986618
0.28800000000000003 1.3245389692892078
0.29000000000000004 1.3199394037094605
0.29200000000000004 1.3153585081137895
0.29400000000000004 1.3107967578881556
0.29600000000000004 1.3062546038136345
0.29800000000000004 1.3017324729058422
0.30000000000000004 1.2972307692307694
0.30200000000000005 1.2927498746973967
0.30400000000000005 1.2882901498276145
0.30600000000000005 1.2838519345038009
0.30800000000000005 1.2794355486946523
0.31000000000000005 1.2750412931595714
0.31200000000000006 1.2706694501322895
0.31400000000000006 1.2663202839838925
0.31600000000000006 1.2619940418660893
0.31800000000000006 1.2576909543348358
0.32000000000000006 1.2534112359550558
0.32200000000000006 1.2491550858867138
0.32400000000000007 1.2449226884528959
0.32600000000000007 1.2407142136901195
0.32800000000000007 1.236529817881672
0.33000000000000007 1.232369644073882
0.3320000000000001 1.228233822576432
0.3340000000000001 1.2241224714465166
0.3360000000000001 1.2200356969576611
0.3380000000000001 1.2159735940534382
0.3400000000000001 1.2119362467866321
0.3420000000000001 1.207923728744001
0.3440000000000001 1.2039361034573002
0.3460000000000001 1.1999734248007652
0.3480000000000001 1.1960357373755461
0.3500000000000001 1.1921230768814612
0.3520000000000001 1.1882354704761762
0.3540000000000001 1.1843729371227305
0.3560000000000001 1.1805354879252694
0.3580000000000001 1.1767231264535771
0.3600000000000001 1.1729358490566035
0.3620000000000001 1.169173645165605
0.3640000000000001 1.1654364975869937
0.3660000000000001 1.1617243827851471
0.3680000000000001 1.1580372711557985
0.3700000000000001 1.154375127290225
0.3720000000000001 1.1507379102301296
0.3740000000000001 1.1471255737137371
0.3760000000000001 1.1435380664138357
0.3780000000000001 1.1399753321670685
0.3800000000000001 1.1364373101952276
0.3820000000000001 1.1329239353188731
0.3840000000000001 1.1294351381629644
0.3860000000000001 1.1259708453557262
0.3880000000000001 1.1225309797190262
0.3900000000000001 1.1191154604532978
0.3920000000000001 1.1157242033145247
0.39400000000000013 1.1123571207854852
0.39600000000000013 1.1090141222401901
0.39800000000000013 1.1056951141025277
0.40000000000000013 1.1023999999999998
0.40200000000000014 1.099128680911159
0.40400000000000014 1.0958810553084921
0.40600000000000014 1.0926570192964953
0.4079999999999999 1.0894564667452205
0.4099999999999999 1.0862792894196927
0.4119999999999999 1.0831253771026241
0.4139999999999999 1.0799946177189577
0.4159999999999999 1.0768868974470747
0.4179999999999999 1.0738021008352265
0.41999999999999993 1.0707401109057302
0.42199999999999993 1.0677008092591402
0.42399999999999993 1.064684076171921
0.42599999999999993 1.0616897906897889
0.42799999999999994 1.0587178307142033
0.42999999999999994 1.0557680730914438
0.43199999999999994 1.0528403936804838
0.43399999999999994 1.0499346674405898
0.43599999999999994 1.0470507684943764
0.43799999999999994 1.0441885701975107
0.43999999999999995 1.0413479452054795
0.44199999999999995 1.0385287655382913
0.44399999999999995 1.0357309026439472
0.44599999999999995 1.0329542274678432
0.44799999999999995 1.030198610509063
0.44999999999999996 1.0274639218961739
0.45199999999999996 1.0247500314586688
0.45399999999999996 1.0220568087764583
0.45599999999999996 1.019384123268988
0.45799999999999996 1.0167318442584388
0.45999999999999996 1.0140998410174882
0.46199999999999997 1.0114879828419676
0.46399999999999997 1.0088961390909488
0.46599999999999997 1.0063241792280286
0.46799999999999997 1.003771972840144
0.47 1.0012393896716123
0.472 0.998726299596206
0.474 0.9962325726251778
0.476 0.9937580788953065
0.478 0.9913026886503422
0.48 0.9888662721893492
0.482 0.986448699905568
0.484 0.9840498422643921
0.486 0.9816695698502954
0.488 0.9793077533745382
0.49 0.9769642638634318
0.492 0.9746389727111755
0.494 0.9723317518146777
0.496 0.9700424737735672
0.498 0.9677710121121461
0.5 0.9655172413793104
0.502 0.9632810373464842
0.504 0.9610622770846671
0.506 0.9588608389477613
0.508 0.9566766026308744
0.51 0.9545094487657856
0.512 0.9523592588870481
0.514 0.9502259149828379
0.516 0.9481092987463622
0.518 0.9460092914346889
0.52 0.9439257731958762
0.522 0.9418586225287701
0.524 0.9398077161640295
0.526 0.9377729287751664
0.528 0.9357541333858311
0.53 0.933751201945502
0.532 0.9317640060460286
0.534 0.9297924182169278
0.536 0.9278363142172303
0.538 0.9258955741249844
0.54 0.9239700844390832
0.542 0.9220597399314767
0.544 0.9201644446456079
0.546 0.9182841130216783
0.548 0.916418668297565
0.55 0.91456804242243
0.552 0.9127321712542129
0.554 0.9109109918136142
0.556 0.9091044342395266
0.558 0.9073124176436521
0.56 0.9055348416289595
0.562 0.9037715802235915
0.5640000000000001 0.9020224753234608
0.5660000000000001 0.9002873368178713
0.5680000000000001 0.8985659394043344
0.5700000000000001 0.8968580301831028
0.5720000000000001 0.8951633394251608
0.5740000000000001 0.893481595681128
0.5760000000000001 0.8918125507720408
0.5780000000000001 0.8901559944570612
0.5800000000000001 0.8885117959617427
0.5820000000000001 0.8868799253406515
0.5840000000000001 0.8852604720982192
0.5860000000000001 0.8836536667738316
0.5880000000000001 0.8820598797327059
0.5900000000000001 0.8804795970270776
0.5920000000000001 0.8789133971117385
0.5940000000000001 0.8773618847498138
0.5960000000000001 0.875825613340269
0.5980000000000001 0.874304947598945
0.6000000000000001 0.8728
0.6020000000000001 0.8713104766368357
0.6040000000000001 0.8698355814341211
0.6060000000000001 0.868373946886086
0.6080000000000001 0.8669236265040156
0.6100000000000001 0.8654820897789566
0.6120000000000001 0.8640464208551503
0.6140000000000001 0.8626134936162037
0.6160000000000001 0.8611804481822644
0.6180000000000001 0.8597449199117235
0.6200000000000001 0.8583057492931196
0.6220000000000001 0.856863444481191
0.6240000000000001 0.8554206167267574
0.6260000000000001 0.8539825671466478
0.6280000000000001 0.8525572863989074
0.6300000000000001 0.8511552229719063
0.6320000000000001 0.8497891579658565
0.6340000000000001 0.8484729829606118
0.6360000000000001 0.8472198296787983
0.6380000000000001 0.8460409871597336
0.6400000000000001 0.8449423487544483
0.6420000000000001 0.8439226749208768
0.6440000000000001 0.8429708037202078
0.6460000000000001 0.8420627171409163
0.6480000000000001 0.8411622909911514
0.6500000000000001 0.8402187469628115
0.6520000000000001 0.8391708523682776
0.6540000000000001 0.8379500666275045
0.6560000000000001 0.8364888043852503
0.6580000000000001 0.8347273388532498
0.6600000000000001 0.8326297729184187
0.6620000000000001 0.8301948268225111
0.6640000000000001 0.8274701385104738
0.6659999999999999 0.8245647917994232
0.6679999999999999 0.8216583212661034
0.6699999999999999 0.8190061837958841
0.6719999999999999 0.8169180519682717
0.6739999999999999 0.8157624293395015
0.6759999999999999 0.8159021824402489
0.6779999999999999 0.8176691968068619
0.6799999999999999 0.8212942675159235
0.6819999999999999 0.8268225892188744
0.6839999999999999 0.8340395147360711
0.6859999999999999 0.8424041522688294
0.688 0.8509798136018832
0.69 0.8583845824960743
0.692 0.8628810499125056
0.694 0.8624480850111383
0.696 0.8548702994395785
0.698 0.838173255101291
0.7 0.810867924528302
0.702 0.7724219004835154
0.704 0.7237773780565198
0.706 0.6678950149132687
0.708 0.6099980509256279
0.71 0.558020606832177
0.712 0.522362481894107
0.714 0.5156994632536491
0.716 0.551590266922779
0.718 0.6433076636078277
0.72 0.8012882521489971
0.722 1.0303272302047766
0.724 1.3262742347041436
0.726 1.672928701618669
0.728 2.037842849596028
0.73 2.3713048786966393
0.732 2.6061665298770285
0.734 2.6580460609314613
0.736 2.4330804605970386
0.738 1.8376672065681208
0.74 0.7924977535738599
0.742 -0.7466907169424971
0.744 -2.7650751885643827
0.746 -5.162569034845771
0.748 -7.7323596670461425
0.75 -10.132871861438774
0.752 -11.881523021377479
0.754 -12.369174819175992
0.756 -10.89355785576181
0.758 -6.727976918046391
0.76 0.7844435233160622
0.762 12.05931763350595
0.764 27.10507980327436
0.766 45.27827777764376
0.768 65.0814313010146
0.77 83.96770855718947
0.772 98.24505637566348
0.774 103.01898596709393
0.776 92.46070587180847
0.778 60.34822700166929
0.78 0.7770768661320173
0.782 -90.45977683749089
0.784 -214.34387506713657
0.786 -366.6693597851164
0.788 -535.9014741298703
0.79 -700.9888876820079
0.792 -830.0902689690844
0.794 -880.2714603811762
0.796 -797.9631325792767
0.798 -523.9024770107039
0.8 0.7703529411764705
0.802 822.4687034899158
0.804 1960.127366801426
0.806 3385.350757077746
0.808 5001.166590409368
0.81 6615.165892379584
0.812 7924.212855242327
0.8140000000000001 8500.071215578046
0.8160000000000001 7800.295396364616
0.8180000000000001 5186.026658774627
0.8200000000000001 0.7642304323413812
0.8220000000000001 -8317.595512671389
0.8240000000000001 -20085.051163995933
0.8260000000000001 -35134.276552318646
0.8280000000000001 -52552.668064040176
0.8300000000000001 -70441.1573361466
0.8320000000000001 -85468.97956752854
0.8340000000000001 -92889.05137392378
0.8360000000000001 -86380.12552622269
0.8380000000000001 -58175.93404574307
0.8400000000000001 0.7586712446351931
0.8420000000000001 95921.41548357124
0.8440000000000001 234817.1802691426
0.8460000000000001 416600.4085304427
0.8480000000000001 631951.415821191
0.8500000000000001 858928.7926949585
0.8520000000000001 1057501.2783692111
0.8540000000000001 1166532.7870150427
0.8560000000000001 1100717.5466123272
0.8580000000000001 752862.9389599343
0.8600000000000001 0.7536402257567985
0.8620000000000001 -1279887.5323964548
0.8640000000000001 -3181193.8699329817
0.8660000000000001 -5734515.081500279
0.8680000000000001 -8842060.004497785
0.8700000000000001 -1.221571216396114E7
0.8720000000000001 -1.5291846055969132E7
0.8740000000000001 -1.7154079885263745E7
0.8760000000000001 -1.6466107930667393E7
0.8780000000000001 -1.1456210288665717E7
0.8800000000000001 0.7491049115913555
0.8820000000000001 2.0180814855134793E7
0.8840000000000001 5.110340860815974E7
0.8860000000000001 9.379396907347974E7
0.8880000000000001 1.4735839525070953E8
0.8900000000000001 2.075065568766691E8
0.8920000000000001 2.6489070594664606E8
0.8940000000000001 3.0305002825226116E8
0.8960000000000001 2.966569140657356E8
0.8980000000000001 2.1069596603731272E8
0.9000000000000001 0.745035294117647
0.9020000000000001 -3.8711711970571554E8
0.9040000000000001 -1.001676155926112E9
0.9060000000000001 -1.880061297916988E9
0.9080000000000001 -3.022126066072866E9
0.9100000000000001 -4.352907374140905E9
0.9120000000000001 -5.688573972339874E9
0.9140000000000001 -6.665204864017518E9
0.9160000000000001 -6.690119073796886E9
0.9180000000000001 -4.872193300117564E9
0.9199999999999999 0.7414036101083032
0.9219999999999999 9.431137216661322E9
0.9239999999999999 2.506658066439633E10
0.9259999999999999 4.8374173635807434E10
0.9279999999999999 7.995712043752483E10
0.9299999999999999 1.1863695614387793E11
0.9319999999999999 1.5974246432485184E11
0.9339999999999999 1.9310504059051602E11
0.9359999999999999 2.0004414639193555E11
0.938 1.505386985053121E11
0.94 0.7381841489822434
0.942 -3.1208162995110785E11
0.944 -8.600911831452361E11
0.946 -1.722489521256931E12
0.948 -2.9606909042267344E12
0.95 -4.573710120519284E12
0.952 -6.421661329302591E12
0.954 -8.106068663963952E12
0.956 -8.788699826974898E12
0.958 -6.934506185648843E12
0.96 0.735353078202995
0.962 1.592504848863452E13
0.964 4.637083700020367E13
0.966 9.845107110874245E13
0.968 1.7996572930748872E14
0.97 2.9673723748919594E14
0.972 4.469417697606982E14
0.974 6.08169714704666E14
0.976 7.150907947195786E14
0.978 6.162521673567192E14
0.98 0.7328882846861257
0.982 -1.7333864794180625E15
0.984 -5.683575259710687E15
0.986 -1.3804979444012478E16
0.988 -2.9462651489868324E16
0.99 -5.8373639308065032E16
0.992 -1.09986193997100032E17
0.994 -1.99776622846142048E17
0.996 -3.5266239738025594E17
0.998 -6.084389328117888E17
